RastId	hypothetical	Peptide synthetase	Acyl carrier	hypothetical	hypothetical	Alpha ketoglutarate taurine dioxygenase	hypothetical	hypothetical	TOTAL
288315	0	0	0	0	0	0	0	0	0
288294	0	0	0	0	0	0	0	0	0
240471	0	0	0	0	0	0	0	0	0
288033	13	14	18	0	0	0	0	0	45
288232	13	13	21	0	0	0	0	0	47
243620	7	7	4	0	0	0	0	0	18
243619	13	16	6	0	0	0	0	0	35
243629	0	0	0	0	0	0	0	0	0
243599	0	0	0	0	0	0	0	0	0
243637	0	0	0	0	0	0	0	0	0
243596	0	0	0	0	0	0	0	0	0
243622	0	0	0	0	0	0	0	0	0
243639	0	0	0	0	0	0	0	0	0
243608	4	4	4	0	0	0	0	1	13
243627	22	21	26	0	0	1	0	0	70
243615	21	21	22	0	0	1	0	0	65
243617	16	14	22	0	0	1	0	0	53
243630	27	25	21	0	0	0	0	0	73
243606	12	11	8	0	0	4	0	0	35
243580	9	8	6	0	0	3	0	0	26
243635	17	16	13	0	0	0	0	0	46
243594	21	20	21	0	0	1	0	0	63
243583	9	9	7	0	0	1	0	0	26
243591	0	0	0	0	0	0	0	0	0
288016	0	0	0	0	0	0	0	0	0
243602	0	0	0	0	0	0	0	0	0
243628	0	0	0	0	0	0	0	0	0
243581	0	0	0	0	0	0	0	0	0
243610	0	0	0	0	0	0	0	0	0
243590	4	4	0	0	0	0	0	0	8
243605	0	0	0	0	0	0	0	0	0
243600	0	0	0	0	0	0	0	0	0
243625	4	4	5	0	0	0	0	0	13
243589	2	2	0	0	0	0	0	0	4
243631	0	0	0	0	0	0	0	0	0
243598	2	1	0	0	0	0	0	0	3
243579	2	1	0	0	0	0	0	0	3
243640	0	0	0	0	0	0	0	0	0
243585	0	0	0	0	0	0	0	0	0
243626	0	0	0	0	0	0	0	0	0
243613	0	0	0	0	0	0	0	0	0
243597	0	0	0	0	0	0	0	0	0
243592	0	0	0	0	0	0	0	0	0
243612	0	0	0	0	0	0	0	0	0
287999	0	0	4	0	0	0	0	0	4
243607	0	0	0	0	0	0	0	0	0
243616	0	0	0	0	0	0	0	0	0
243584	0	0	0	0	0	0	0	0	0
243587	0	0	0	0	0	0	0	0	0
243586	0	0	0	0	0	0	0	0	0
243614	2	1	0	0	0	0	0	0	3
243632	2	2	0	0	0	0	0	0	4
243618	0	0	0	0	0	0	0	0	0
243603	0	0	0	0	0	0	0	0	0
243621	0	0	0	0	0	0	0	0	0
243623	0	0	0	0	0	0	0	0	0
243624	0	0	0	0	0	0	0	0	0
243636	3	3	2	0	0	0	0	0	8
243604	0	0	0	0	0	0	0	0	0
287991	0	0	0	0	0	0	0	0	0
288230	0	0	0	0	0	0	0	0	0
243609	0	0	0	0	0	0	0	0	0
288030	0	0	0	0	0	0	0	0	0
243578	0	0	0	0	0	0	0	0	0
243634	0	0	0	0	0	0	0	0	0
243601	0	0	0	0	0	0	0	0	0
243593	0	0	1	0	0	0	0	0	1
243633	0	0	0	0	0	0	0	0	0
243588	0	0	0	0	0	0	0	0	0
243611	0	0	0	0	0	0	0	0	0
288270	0	0	0	0	0	0	0	0	0
243582	0	0	0	0	0	0	0	0	0
243595	3	3	0	0	0	1	0	2	9
243638	12	11	8	0	0	1	0	0	32
240108	4	3	2	0	0	0	0	0	9
240105	7	6	4	0	0	1	0	0	18
240110	11	11	9	0	0	1	0	0	32
240106	17	14	27	0	0	2	0	0	60
241370	15	13	13	0	0	1	0	0	42
287998	10	7	6	0	0	2	0	0	25
262812	17	16	12	0	0	1	0	0	46
241352	1	1	0	0	0	1	0	0	3
241354	8	8	6	0	0	0	0	1	23
288226	0	0	1	0	0	0	0	2	3
241371	0	0	0	0	0	0	0	0	0
262813	3	3	1	0	0	0	0	1	8
241360	5	5	4	0	0	2	0	2	18
241362	23	24	26	0	0	2	0	0	75
287952	0	0	0	0	0	0	0	0	0
241343	2	1	0	0	0	0	0	0	3
241335	1	0	0	0	0	0	0	0	1
287961	0	0	0	0	0	1	0	0	1
241358	0	0	0	0	0	0	0	0	0
241344	1	0	0	0	0	0	0	0	1
241868	0	0	0	0	0	0	0	0	0
241359	0	0	0	0	0	0	0	0	0
288000	0	0	0	0	0	0	0	0	0
241338	0	0	0	0	0	0	0	0	0
288010	29	27	17	0	0	0	0	0	73
241350	25	20	22	0	0	0	0	0	67
288258	0	0	0	0	0	0	0	0	0
241341	37	35	30	0	0	2	0	1	105
241355	26	24	20	0	0	2	0	1	73
241337	33	34	28	0	0	3	0	1	99
241367	17	16	15	0	0	2	0	1	51
288262	23	21	18	0	0	1	0	1	64
241357	8	8	3	0	0	0	0	0	19
241353	22	21	19	0	0	2	0	1	65
288234	12	11	12	0	0	3	0	1	39
287963	21	19	14	0	0	2	0	1	57
241361	29	29	17	0	0	3	0	1	79
288274	4	4	2	0	0	1	0	1	12
241871	13	11	8	0	0	1	0	1	34
241373	25	27	24	0	0	2	0	1	79
241333	12	11	20	0	0	3	0	1	47
241347	5	5	2	0	0	1	0	1	14
241869	20	19	18	0	0	2	0	1	60
241334	9	9	5	0	0	0	0	1	24
241366	4	4	2	0	0	1	0	1	12
288246	14	16	14	0	0	5	0	1	50
288045	25	26	31	0	0	5	0	1	88
241345	7	7	6	0	0	0	0	0	20
241365	0	0	0	0	0	0	0	0	0
241368	0	0	0	0	0	0	0	0	0
241348	0	0	0	0	0	0	0	0	0
241376	1	0	0	0	0	0	0	0	1
241369	1	1	0	0	0	0	0	0	2
288287	0	0	0	0	0	0	0	0	0
241374	3	3	0	0	0	0	0	0	6
241870	1	0	0	0	0	2	0	0	3
241364	0	0	0	0	0	0	0	0	0
241867	2	1	1	0	0	1	0	0	5
241349	1	0	0	0	0	0	0	0	1
241377	0	0	0	0	0	0	0	0	0
241339	0	0	0	0	0	1	0	0	1
241351	1	0	0	0	0	0	0	0	1
241372	0	0	0	0	0	1	0	0	1
241356	2	1	1	0	0	1	0	0	5
241346	2	2	0	0	0	1	0	0	5
288251	1	0	0	0	0	1	0	0	2
241363	1	0	0	0	0	1	0	0	2
288180	1	0	0	0	0	1	0	0	2
287975	0	0	0	0	0	0	0	0	0
288034	0	0	0	0	0	0	0	0	0
240111	0	0	0	0	0	0	0	0	0
240100	0	0	0	0	0	0	0	0	0
287960	0	0	0	0	0	0	0	0	0
238490	0	0	0	0	0	0	0	0	0
238526	0	1	0	0	0	0	0	0	1
238520	2	3	0	0	0	0	0	0	5
287966	0	0	0	0	0	0	0	0	0
287958	0	0	0	0	0	0	0	0	0
238537	0	0	0	0	0	0	0	0	0
288001	0	0	0	0	0	0	0	0	0
238492	0	0	0	0	0	0	0	0	0
238513	0	0	0	0	0	0	0	0	0
238489	0	0	0	0	0	0	0	0	0
288275	0	0	0	0	0	0	0	0	0
288239	0	0	0	0	0	0	0	0	0
239862	0	0	0	0	0	0	0	0	0
288028	0	0	0	0	0	0	0	0	0
238503	0	0	0	0	0	0	0	0	0
238496	0	0	0	0	0	0	0	0	0
238538	0	0	0	0	0	0	0	0	0
239859	0	0	0	0	0	0	0	0	0
238500	0	0	0	0	0	0	0	0	0
288011	0	0	0	0	0	0	0	0	0
238534	0	0	0	0	0	0	0	0	0
287984	0	0	0	0	0	0	0	0	0
239860	0	0	0	0	0	0	0	0	0
238522	0	0	0	0	0	0	0	0	0
287994	0	0	0	0	0	0	0	0	0
238508	0	0	0	0	0	0	0	0	0
238524	0	0	0	0	0	0	0	0	0
288193	0	0	0	0	0	0	0	0	0
288023	0	0	0	0	0	0	0	0	0
287959	0	0	0	0	0	0	0	0	0
238535	0	0	0	0	0	0	0	0	0
238509	0	0	0	0	0	0	0	0	0
287978	0	0	0	0	0	0	0	0	0
238499	0	0	0	0	0	0	0	0	0
262816	0	0	0	0	0	0	0	0	0
287971	0	0	0	0	0	0	0	0	0
238497	0	0	0	0	0	0	0	0	0
288022	0	0	0	0	0	0	0	0	0
288263	0	0	0	0	0	0	0	0	0
287957	0	0	0	0	0	0	0	0	0
238518	0	0	0	0	0	0	0	0	0
288040	0	0	0	0	0	0	0	0	0
262818	0	0	0	0	0	0	0	0	0
288018	0	0	0	0	0	0	0	0	0
288244	0	0	0	0	0	0	0	0	0
238521	0	0	0	0	0	0	0	0	0
238506	0	0	0	0	0	0	0	0	0
288147	0	0	0	0	0	0	0	0	0
288027	0	0	0	0	0	0	0	0	0
238517	0	0	0	0	0	0	0	0	0
238525	0	0	0	0	0	0	0	0	0
238531	0	0	0	0	0	0	0	0	0
238494	0	0	0	0	0	0	0	0	0
287970	0	0	0	0	0	0	0	0	0
238514	0	0	0	0	0	0	0	0	0
238487	0	0	0	0	0	0	0	0	0
238501	0	0	0	0	0	0	0	0	0
238533	0	0	0	0	0	0	0	0	0
238507	0	0	0	0	0	0	0	0	0
288228	0	0	0	0	0	0	0	0	0
238495	0	0	0	0	0	0	0	0	0
288300	0	0	0	0	0	0	0	0	0
287964	0	0	0	0	0	0	0	0	0
287962	0	0	0	0	0	0	0	0	0
288017	0	0	0	0	0	0	0	0	0
239863	0	0	0	0	0	0	0	0	0
239877	0	0	0	0	0	0	0	0	0
239871	0	0	0	0	0	1	0	0	1
238529	0	0	0	0	0	0	0	0	0
239874	0	0	0	0	0	0	0	0	0
239865	1	1	0	0	0	0	0	0	2
239867	1	1	0	0	0	0	0	0	2
238502	1	1	1	0	0	0	0	0	3
239869	1	0	0	0	0	0	0	0	1
239873	1	1	0	0	0	0	0	0	2
239876	2	0	0	0	0	0	0	0	2
239857	1	0	0	0	0	0	0	0	1
239861	1	1	0	0	0	0	0	0	2
239872	1	1	0	0	0	0	0	0	2
239870	1	0	0	0	0	0	0	0	1
239866	1	0	0	0	0	0	0	0	1
238512	0	0	0	0	0	0	0	0	0
239868	0	0	0	0	0	0	0	0	0
239875	0	0	0	0	0	0	0	0	0
238536	0	0	0	0	0	0	0	0	0
238527	0	0	0	0	0	0	0	0	0
288252	0	0	0	0	0	0	0	0	0
287967	11	11	7	0	0	0	0	0	29
238532	16	15	10	0	0	2	0	0	43
238511	9	8	9	0	0	2	0	0	28
238528	1	1	0	0	0	0	0	0	2
288240	0	0	0	0	0	0	0	0	0
238523	0	0	0	0	0	0	0	0	0
262843	0	0	0	0	0	0	0	0	0
288191	1	1	0	0	0	0	0	0	2
288284	1	1	0	0	0	0	0	0	2
288299	1	0	0	0	0	0	0	0	1
238515	1	0	0	0	0	0	0	0	1
288264	0	0	0	0	0	0	0	0	0
238493	0	0	0	0	0	0	0	0	0
238510	0	0	0	0	0	0	0	0	0
238505	0	0	0	0	0	0	0	0	0
238491	6	4	0	0	0	0	0	0	10
239936	2	1	0	0	0	0	0	0	3
239940	1	1	0	0	0	0	0	0	2
239897	3	1	0	0	0	0	0	0	4
239972	2	1	0	0	0	0	0	0	3
239963	2	1	0	0	0	0	0	0	3
262853	1	0	0	0	0	0	0	0	1
239976	2	1	0	0	0	0	0	0	3
239928	3	1	0	0	0	0	0	0	4
239901	3	1	0	0	0	0	0	0	4
239925	1	0	0	0	0	0	0	0	1
239951	1	0	0	0	0	0	0	0	1
239929	0	0	0	0	0	0	0	0	0
239992	1	0	0	0	0	0	0	0	1
239954	0	0	0	0	0	0	0	0	0
239909	0	0	0	0	0	0	0	0	0
239990	2	2	1	0	0	0	0	0	5
239941	2	0	0	0	0	0	0	0	2
239900	1	1	0	0	0	0	0	0	2
239947	1	0	0	0	0	0	0	0	1
239948	1	0	0	0	0	0	0	0	1
288042	1	1	0	0	0	0	0	0	2
239921	2	2	0	0	0	0	0	0	4
239920	1	1	0	0	0	0	0	0	2
288009	0	0	0	0	0	0	0	0	0
288399	2	1	0	0	0	0	0	0	3
239958	2	1	0	0	0	0	0	0	3
288273	1	1	0	0	0	0	0	0	2
288265	2	1	0	0	0	0	0	0	3
239977	1	1	0	0	0	0	0	0	2
239914	1	1	0	0	0	0	0	0	2
239989	1	1	0	0	0	0	0	0	2
239913	1	0	0	0	0	0	0	0	1
262858	1	1	0	0	0	0	0	0	2
239915	1	1	0	0	0	0	0	0	2
288216	0	0	0	0	0	0	0	0	0
239956	2	2	0	0	0	0	0	0	4
288177	2	0	0	0	0	0	0	0	2
239973	2	0	0	0	0	0	0	0	2
239944	1	1	0	0	0	0	0	0	2
288005	2	1	0	0	0	0	0	0	3
288020	2	1	0	0	0	0	0	0	3
239988	1	0	0	0	0	0	0	0	1
239994	1	0	0	0	0	0	0	0	1
239987	1	0	0	0	0	0	0	0	1
239969	5	3	1	0	0	0	0	0	9
239950	1	1	0	0	0	0	0	0	2
239919	1	1	0	0	0	0	0	0	2
262860	1	1	0	0	0	0	0	0	2
288213	1	1	0	0	0	0	0	0	2
288024	2	0	0	0	0	0	0	0	2
239974	5	3	0	0	0	0	0	0	8
288314	1	0	0	0	0	0	0	0	1
239970	0	0	0	0	0	0	0	0	0
287980	1	0	0	0	0	0	0	0	1
239926	2	0	0	0	0	1	0	0	3
239891	2	1	0	0	0	0	0	0	3
287997	2	1	0	0	0	0	0	0	3
239910	2	1	0	0	0	0	0	0	3
287990	0	0	0	0	0	0	0	0	0
288237	2	1	0	0	0	0	0	0	3
239918	3	2	1	0	0	0	0	0	6
288137	0	0	0	0	0	0	0	0	0
239964	1	1	0	0	0	0	0	0	2
239905	2	2	0	0	0	0	0	0	4
288241	1	0	0	0	0	0	0	0	1
239894	1	0	0	0	0	0	0	0	1
239927	1	1	0	0	0	0	0	0	2
239960	1	0	0	0	0	0	0	0	1
239934	1	1	0	0	0	0	0	0	2
288181	2	1	0	0	0	0	0	0	3
239966	3	3	0	0	0	0	0	0	6
239899	1	0	0	0	0	0	0	0	1
239981	1	1	0	0	0	0	0	0	2
287968	0	0	0	0	0	0	0	0	0
239932	1	1	0	0	0	0	0	0	2
262862	1	1	0	0	0	0	0	0	2
239939	1	1	0	0	0	0	0	0	2
239907	2	1	0	0	0	0	0	0	3
239979	2	1	0	0	0	0	0	0	3
239952	0	0	0	0	0	0	0	0	0
239923	1	1	0	0	0	0	0	0	2
239902	1	0	0	0	0	0	0	0	1
239908	3	1	0	0	0	0	0	0	4
239943	2	2	0	0	0	0	0	0	4
239931	1	0	0	0	0	0	0	0	1
239896	2	2	0	0	0	0	0	0	4
239916	0	0	0	0	0	0	0	0	0
239884	1	0	0	0	0	0	0	0	1
239924	1	0	0	0	0	0	0	0	1
239890	1	0	0	0	0	0	0	0	1
239993	1	0	0	0	0	0	0	0	1
239968	1	0	0	0	0	0	0	0	1
239893	1	0	0	0	0	0	0	0	1
239937	1	0	0	0	0	0	0	0	1
288269	1	0	0	0	0	0	0	0	1
239946	1	0	0	0	0	0	0	0	1
239886	1	0	0	0	0	0	0	0	1
215575	3	1	0	0	0	0	0	0	4
239980	1	1	0	0	0	0	0	0	2
262866	1	1	0	0	0	0	0	0	2
239985	3	1	0	0	0	0	0	0	4
239885	3	1	0	0	0	0	0	0	4
239984	3	1	0	0	0	0	0	0	4
239892	1	1	0	0	0	0	0	0	2
239953	1	0	0	0	0	0	0	0	1
239888	2	0	0	0	0	1	0	0	3
262867	1	0	0	0	0	0	0	0	1
239961	1	0	0	0	0	0	0	0	1
239889	1	0	0	0	0	0	0	0	1
262868	1	1	0	0	0	0	0	0	2
239906	2	2	0	0	0	0	0	0	4
239955	1	1	0	0	0	0	0	0	2
239912	1	1	1	0	0	0	0	0	3
288305	1	0	0	0	0	0	0	0	1
218032	1	0	0	0	0	0	0	0	1
218079	5	5	0	0	0	0	0	0	10
218029	1	0	0	0	0	0	0	0	1
262869	2	1	0	0	0	0	0	0	3
218022	1	1	0	0	0	0	0	0	2
218031	0	0	0	0	0	0	0	0	0
218020	1	1	0	0	0	0	0	0	2
218034	0	0	0	0	0	0	0	0	0
218026	5	5	11	0	0	2	0	0	23
262870	23	23	21	0	0	0	0	0	67
218074	0	0	0	0	0	0	0	0	0
287972	0	0	0	0	0	0	0	0	0
218030	2	2	1	0	0	0	0	0	5
218072	0	0	0	0	0	0	0	0	0
218087	0	0	0	0	0	0	0	0	0
288225	1	1	0	0	0	1	0	0	3
218066	1	1	0	0	0	1	0	0	3
218041	3	3	0	0	0	0	0	0	6
218076	0	0	0	0	0	1	0	0	1
218061	1	0	0	0	0	1	0	0	2
218060	1	0	0	0	0	0	0	0	1
218027	0	1	0	0	0	0	0	0	1
218047	1	1	0	0	0	0	0	0	2
218070	0	0	0	0	0	0	0	0	0
218083	0	0	0	0	0	0	0	0	0
218078	11	12	9	0	0	4	0	1	37
218023	1	3	1	0	0	1	0	0	6
218049	1	2	4	0	0	5	0	0	12
218045	4	4	6	0	0	1	0	0	15
218052	6	8	2	0	0	1	0	0	17
218028	3	5	2	0	0	1	0	0	11
288260	3	4	1	0	0	1	0	0	9
220835	4	9	1	0	0	9	0	0	23
288029	4	5	8	0	0	4	0	0	21
220847	1	0	0	0	0	0	0	0	1
288243	4	6	4	0	0	4	0	0	18
220891	3	5	2	0	0	1	0	0	11
220788	2	1	2	0	0	2	0	0	7
220886	1	0	0	0	0	0	0	0	1
220841	0	0	0	0	0	0	0	0	0
220798	0	1	0	0	0	0	0	0	1
262880	0	0	0	0	0	2	0	0	2
262879	0	0	0	0	0	1	0	0	1
220815	1	1	0	0	0	1	0	0	3
220827	3	3	1	0	0	0	0	0	7
288297	0	0	0	0	0	0	0	0	0
220857	1	1	1	0	0	0	0	0	3
220872	0	0	0	0	0	0	0	0	0
220846	7	7	5	0	0	1	0	0	20
220775	13	14	10	0	0	1	0	1	39
220897	11	11	7	0	0	1	0	0	30
220855	10	11	8	0	0	1	0	0	30
220802	6	5	3	0	0	0	0	0	14
288026	11	10	6	0	0	1	0	0	28
220883	12	11	6	0	0	2	0	0	31
220784	7	6	4	0	0	0	0	0	17
240099	10	9	6	0	0	0	0	0	25
240107	7	6	5	0	0	2	0	0	20
240101	12	12	9	0	0	1	0	1	35
240104	7	6	3	0	0	3	0	0	19
240098	8	7	6	0	0	1	0	0	22
240109	10	9	7	0	0	1	0	0	27
240475	13	13	8	0	0	1	0	0	35
288253	8	7	4	0	0	1	0	0	20
220948	10	9	6	0	0	1	0	1	27
220967	2	1	1	0	0	0	0	0	4
221072	6	6	3	0	0	0	0	1	16
221096	10	9	7	0	0	3	0	0	29
221079	11	11	8	0	0	1	0	0	31
221064	7	6	5	0	0	1	0	0	19
221070	11	11	8	0	0	1	0	0	31
262850	0	0	0	0	0	0	0	0	0
221038	0	0	0	0	0	2	0	0	2
221099	0	0	0	0	0	0	0	1	1
221069	1	1	0	0	0	0	0	0	2
262852	1	1	1	0	0	0	0	0	3
240499	2	2	2	0	0	0	0	0	6
240486	0	0	0	0	0	0	0	0	0
240468	0	0	0	0	0	3	0	0	3
240470	0	0	0	0	0	0	0	0	0
240500	0	0	0	0	0	0	0	0	0
240473	1	1	0	0	0	1	0	0	3
240495	0	0	0	0	0	0	0	0	0
240496	0	0	0	0	0	1	0	0	1
240484	1	1	0	0	0	0	0	0	2
240477	0	0	0	0	0	0	0	0	0
240498	0	0	0	0	0	0	0	0	0
240474	0	0	0	0	0	0	0	0	0
240487	38	38	27	0	0	1	0	0	104
240497	0	0	0	0	0	0	0	0	0
288220	5	6	0	0	0	1	0	0	12
241434	13	12	18	0	0	0	0	1	44
230835	10	9	7	0	0	0	0	0	26
230837	9	10	8	0	0	1	0	0	28
240465	18	17	11	0	0	0	0	0	46
220971	29	32	33	0	0	1	0	0	95
220916	9	9	16	0	0	0	0	0	34
288168	8	8	13	0	0	0	0	0	29
220921	21	22	12	0	0	1	0	0	56
220966	27	29	20	0	0	0	0	0	76
240573	4	5	3	0	0	1	0	0	13
221014	4	4	6	0	0	1	0	0	15
220959	0	0	0	0	0	0	0	0	0
227511	0	0	0	0	0	0	0	0	0
288288	0	0	0	0	0	0	0	0	0
288190	1	0	0	0	0	0	0	0	1
227512	1	1	0	0	0	0	0	0	2
240557	0	0	0	0	0	0	0	0	0
240568	0	0	0	0	0	0	0	0	0
240561	3	3	0	0	0	0	0	0	6
240577	1	1	0	0	0	0	0	0	2
288296	1	1	0	0	0	0	0	0	2
227510	3	3	0	0	0	0	0	0	6
227513	1	1	0	0	0	0	0	0	2
240472	8	7	7	0	0	0	0	0	22
288235	9	10	4	0	0	0	0	0	23
230832	3	3	4	0	0	0	0	0	10
230830	38	37	36	0	0	2	0	1	114
230836	21	21	15	0	0	2	0	0	59
230838	36	40	28	0	0	0	0	2	106
230828	2	1	0	0	0	0	0	0	3
220917	27	27	14	0	0	0	0	0	68
240485	14	13	6	0	0	1	0	0	34
240481	27								27
240480	1	1	0	0	0	0	0	0	2
240466	0	0	0	0	0	0	0	0	0
287989	1	1	0	0	0	0	0	0	2
240576	0	0	0	0	0	0	0	0	0
240479	16	15	12	0	0	0	0	0	43
240492	16	15	12	0	0	0	0	0	43
240482	19	19	15	0	0	0	0	0	53
240532	0	0	0	0	0	0	0	0	0
240581	0	0	0	0	0	0	0	0	0
288257	0	0	0	0	0	0	0	0	0
240560	1	1	0	0	0	0	0	0	2
288292	0	0	0	0	0	0	0	0	0
240553	13	12	9	0	0	1	0	0	35
240593	1	1	0	0	0	1	0	0	3
240530	0	0	0	0	0	0	0	0	0
240605	0	0	0	0	0	1	0	0	1
240552	0	0	0	0	0	0	0	0	0
240539	0	0	0	0	0	0	0	0	0
240549	3	3	0	0	0	0	0	0	6
240596	1	0	0	0	0	0	0	0	1
240589	1	1	0	0	0	0	0	0	2
240566	0	0	0	0	0	0	0	0	0
240544	1	0	0	0	0	0	0	0	1
240598	1	0	0	0	0	0	0	0	1
240599	0	0	0	0	0	0	0	0	0
240602	0	0	0	0	0	0	0	0	0
240600	1	0	0	0	0	0	0	0	1
240556	1	1	0	0	0	0	0	0	2
288249	0	0	0	0	0	0	0	0	0
240529	0	0	0	0	0	0	0	0	0
240547	1	0	0	0	0	0	0	0	1
241404	1	0	0	0	0	0	0	0	1
241422	1	0	0	0	0	0	0	0	1
221023	0	0	0	0	0	0	0	0	0
221037	0	0	0	0	0	0	0	0	0
240535	1	0	0	0	0	0	0	0	1
240572	0	0	0	0	0	0	0	0	0
288041	0	0	0	0	0	0	0	0	0
21217	0	0	0	0	0	0	0	0	0
221067	0	0	0	0	0	0	0	0	0
175714	1	0	0	0	0	0	0	0	1
175715	0	0	0	0	0	0	0	0	0
175716	8	8	3	0	0	0	0	0	19
175717	9	9	5	0	0	1	0	0	24
175718	10	9	7	0	0	0	0	0	26
175719	1	1	0	0	0	0	0	0	2
240587	1	1	0	0	0	0	0	0	2
240567	1	1	0	0	0	0	0	0	2
288276	1	1	0	0	0	0	0	0	2
240537	1	1	0	0	0	0	0	0	2
240551	2	2	1	0	0	1	0	0	6
240575	13	12	18	0	0	1	0	0	44
240533	25	27	28	0	0	0	0	0	80
240562	12	12	8	0	0	0	0	0	32
240531	10	9	14	0	0	1	0	0	34
240583	8	8	4	0	0	0	0	0	20
240538	3	3	1	0	0	0	0	0	7
240541	11	11	16	0	0	1	0	0	39
220922	10	9	10	0	0	0	0	0	29
221010	23	23	23	0	0	1	0	0	70
221001	14	13	18	0	0	1	0	0	46
288038	6	7	5	0	0	1	0	0	19
220990	10	11	3	0	0	0	0	1	25
240542	1	1	0	0	0	0	0	0	2
220938	1	0	0	0	0	0	0	0	1
220964	0	0	0	0	0	0	0	0	0
220998	0	0	0	0	0	0	0	0	0
220766	0	0	0	0	0	0	0	0	0
220879	0	0	0	0	0	0	0	0	0
220887	0	0	0	0	0	0	0	0	0
220859	0	0	0	0	0	0	0	0	0
220797	0	0	0	0	0	0	0	0	0
220861	0	0	0	0	0	0	0	0	0
220805	0	0	0	0	0	0	0	0	0
220779	1	1	0	0	0	0	0	0	2
220850	0	0	0	0	0	0	0	0	0
220888	11	11	9	0	0	1	0	0	32
289556	13	13	9	0	0	1	0	0	36
220832	11	11	9	0	0	1	0	0	32
220849	4	4	3	0	0	1	0	0	12
220786	4	4	3	0	0	1	0	0	12
288248	5	5	3	0	0	0	0	0	13
220823	6	5	6	0	0	1	0	1	19
220903	5	4	4	0	0	0	0	0	13
220787	10	10	9	0	0	0	0	1	30
220799	10	13	6	0	0	0	0	1	30
220785	4	4	3	0	0	1	0	0	12
220875	4	4	3	0	0	1	0	0	12
220816	4	4	4	0	0	1	0	0	13
220889	4	4	4	0	0	1	0	0	13
288309	12	12	10	0	0	1	0	0	35
220853	12	12	9	0	0	0	0	0	33
240588	3	2	3	0	0	0	0	2	10
240586	9	9	9	0	0	2	0	1	30
288281	5	3	3	0	0	1	0	1	13
240545	7	7	6	0	0	4	0	0	24
240582	11	11	9	0	0	1	0	0	32
241429	7	9	9	0	0	0	0	0	25
220845	7	8	4	0	0	1	0	1	21
287945	4	3	2	0	0	1	0	0	10
253673	4	3	2	0	0	1	0	0	10
220765	10	9	9	0	0	4	0	0	32
253674	4	5	2	0	0	2	0	0	13
220843	12	12	11	0	0	0	0	1	36
220838	16	21	10	0	0	0	0	1	48
262819	10	10	10	0	0	0	0	1	31
220856	4	3	1	0	0	0	0	0	8
220878	11	14	8	0	0	1	0	0	34
288223	13	13	12	0	0	1	0	0	39
220870	7	8	6	0	0	0	0	1	22
220772	0	0	0	0	0	0	0	0	0
220831	13	15	10	0	0	1	0	0	39
220842	7	7	5	0	0	3	0	0	22
220873	18	17	19	0	0	0	0	1	55
220918	11	11	6	0	0	1	0	1	30
288156	6	7	3	0	0	0	0	0	16
220997	8	7	5	0	0	0	0	0	20
221005	4	4	2	0	0	1	0	0	11
262856	7	7	5	0	0	1	0	0	20
220962	4	3	2	0	0	2	0	0	11
220961	6	5	3	0	0	0	0	0	14
220994	9	8	6	0	0	1	0	0	24
241414	4	4	4	0	0	1	0	0	13
288174	12	12	10	0	0	4	0	0	38
289557	8	7	5	0	0	1	0	0	21
289558	5	5	3	0	0	0	0	0	13
241405	9	8	8	0	0	2	0	0	27
241424	8	7	7	0	0	2	0	0	24
241431	11	11	5	0	0	1	0	0	28
241435	6	4	2	0	0	0	0	0	12
241406	5	4	3	0	0	0	0	0	12
241410	5	4	4	0	0	1	0	1	15
220974	12	12	11	0	0	0	0	1	36
288214	9	9	7	0	0	0	0	1	26
220951	18	18	13	0	0	0	0	1	50
220958	10	10	9	0	0	1	0	1	31
220963	5	4	3	0	0	1	0	1	14
287992	5	4	3	0	0	0	0	0	12
241413	6	5	4	0	0	0	0	0	15
241437	5	5	3	0	0	0	0	0	13
230833	5	4	4	0	0	1	0	1	15
230829	6	7	3	0	0	0	0	0	16
230831	2	2	2	0	0	1	0	0	7
230834	11	10	9	0	0	4	0	0	34
240476	6	5	3	0	0	0	0	0	14
240489	6	6	4	0	0	2	0	0	18
240494	9	8	7	0	0	2	0	0	26
240488	8	7	6	0	0	0	0	0	21
240464	8	7	7	0	0	0	0	1	23
288039	4	4	2	0	0	1	0	0	11
221048	4	4	3	0	0	1	0	0	12
287982	4	4	2	0	0	1	0	0	11
220914	4	4	3	0	0	1	0	0	12
288279	4	4	3	0	0	1	0	0	12
241421	4	4	3	0	0	1	0	0	12
262806	4	4	3	0	0	1	0	0	12
288004	4	4	3	0	0	1	0	0	12
221020	12	10	10	0	0	2	0	0	34
220954	7	7	4	0	0	1	0	1	20
241425	1	3	0	0	0	1	0	0	5
241432	4	3	3	0	0	1	0	0	11
241407	5	4	4	0	0	0	0	0	13
241436	11	10	9	0	0	3	0	0	33
253675	2	8	0	0	0	0	0	0	10
241427	7	7	5	0	0	1	0	1	21
220927	14	14	12	0	0	1	0	1	42
220920	0	0	0	0	0	0	0	1	1
220928	2	2	2	0	0	0	0	0	6
220992	0	0	0	0	0	0	0	0	0
221000	2	1	1	0	0	0	0	0	4
220976	0	0	0	0	0	0	0	0	0
220937	0	0	0	0	0	0	0	0	0
258037	0	0	0	0	0	0	0	0	0
241440	17	20	16	0	0	1	0	0	54
241423	14	16	13	0	0	3	0	0	46
257835	19	19	20	0	0	1	0	0	59
221007	28	30	19	0	0	1	0	0	78
220942	29	30	20	1	1	2	1	0	84
257834	27	29	18	0	0	1	0	0	75
220940	19	20	11	0	0	0	0	0	50
241411	13	14	6	0	0	1	0	0	34
240467	18	21	16	0	0	2	0	0	57
288175	17	18	13	0	0	0	0	0	48
241402	16	15	16	0	0	2	0	0	49
287977	14	14	12	0	0	1	0	0	41
241409	14	13	11	0	0	1	0	0	39
241403	13	14	9	0	0	4	0	0	40
288221	19	18	18	0	0	3	0	0	58
241444	21	22	16	0	0	3	0	0	62
241417	21	21	12	0	0	0	0	0	54
241408	20	19	11	0	0	0	0	0	50
220960	19	21	16	0	0	1	0	0	57
220989	15	14	17	0	0	2	0	0	48
241442	16	16	11	0	0	1	0	0	44
241419	8	7	5	0	0	4	0	0	24
220915	20	20	28	0	0	3	0	0	71
220995	18	17	16	0	0	2	0	0	53
241426	19	19	17	0	0	2	0	0	57
241412	29	30	22	0	0	1	0	0	82
262872	19	18	19	0	0	1	0	0	57
221021	13	13	9	0	0	0	0	0	35
220978	17	17	14	0	0	1	0	0	49
220929	13	14	18	0	0	1	0	0	46
287949	23	23	21	0	0	1	0	0	68
226560	1	1	0	0	0	2	0	0	4
226547	1	1	0	0	0	1	0	0	3
219817	0	0	0	0	0	0	0	0	0
226558	2	2	0	0	0	2	0	0	6
220573	0	0	0	0	0	2	0	0	2
219816	0	0	0	0	0	0	0	0	0
262874	1	1	0	0	0	0	0	0	2
226555	0	0	0	0	0	0	0	0	0
220569	2	2	2	0	0	0	0	0	6
226563	0	0	0	0	0	0	0	0	0
226564	1	0	0	0	0	0	0	0	1
226537	1	1	0	0	0	0	0	0	2
219819	0	0	0	0	0	0	0	0	0
226539	11	12	6	0	0	1	0	0	30
226543	8	7	4	0	0	1	0	0	20
221050	5	6	2	0	0	0	0	0	13
221059	8	10	6	0	0	2	0	0	26
221031	11	10	8	0	0	1	0	0	30
242070	5	5	3	0	0	2	0	0	15
290901	4	3	2	0	0	2	0	0	11
221107	3	3	7	0	0	0	0	0	13
221080	8	7	6	0	0	2	0	0	23
221088	6	6	3	0	0	2	0	0	17
221103	5	5	4	0	0	0	0	0	14
262807	12	12	9	0	0	1	0	0	34
288006	6	6	3	0	0	0	0	0	15
242072	8	7	4	0	0	0	0	0	19
220829	11	11	4	0	0	1	0	0	27
242064	5	6	6	0	0	0	0	0	17
220860	15	16	10	0	0	1	0	0	42
220881	21	21	18	0	0	2	0	0	62
220899	3	3	1	0	0	0	0	0	7
220792	1	1	0	0	0	0	0	0	2
287969	2	1	0	0	0	0	0	0	3
220900	1	1	0	0	0	0	0	0	2
220864	0	0	0	0	0	0	0	0	0
262845	0	0	0	0	0	0	0	0	0
288238	0	0	0	0	0	0	0	0	0
220895	0	0	0	0	0	0	0	0	0
262811	0	0	0	0	0	0	0	0	0
220777	20	20	21	0	0	1	0	0	62
220822	1	0	0	0	0	1	0	0	2
220817	2	1	1	0	0	2	0	1	7
220781	0	0	0	0	0	0	0	0	0
220865	4	3	1	0	0	0	0	0	8
242068	0	0	0	0	0	0	0	0	0
220773	0	0	0	0	0	0	0	0	0
221097	0	0	0	0	0	0	0	0	0
262857	0	0	0	0	0	0	0	0	0
221053	0	0	0	0	0	0	0	0	0
221101	0	0	0	0	0	0	0	0	0
221051	0	0	0	0	0	0	0	0	0
291196	1	1	0	0	0	0	0	0	2
291197	4	3	2	0	0	0	0	0	9
221083	0	0	0	0	0	0	0	0	0
290887	0	0	0	0	0	0	0	0	0
290656	0	0	0	0	0	0	0	0	0
242063	10	8	3	0	0	1	0	1	23
220986	2	2	1	0	0	0	0	0	5
220972	3	3	1	0	0	2	0	1	10
220909	3	2	1	0	0	0	0	1	7
288035	2	2	1	0	0	2	0	0	7
242065	0	0	0	0	0	3	0	0	3
220913	14	11	17	0	0	1	0	1	44
220957	0	0	0	0	0	0	0	0	0
287973	1	1	0	0	0	0	0	0	2
288250	2	2	1	0	0	1	0	0	6
288219	15	15	13	0	0	3	0	0	46
220808	10	10	9	0	0	6	0	0	35
288303	11	11	10	0	0	6	0	0	38
242069	11	11	10	0	0	5	0	0	37
220830	10	11	8	0	0	4	0	0	33
288313	16	17	13	0	0	3	0	0	49
220825	11	13	9	0	0	4	0	0	37
220894	9	10	8	0	0	5	0	0	32
220931	12	12	10	0	0	2	0	1	37
288031	26	27	20	0	0	2	0	1	76
242073	21	22	18	0	0	4	0	1	66
220993	10	11	8	0	0	4	0	0	33
220969	12	13	10	0	0	4	0	0	39
288044	22	21	17	0	0	0	0	0	60
290687	13	13	11	0	0	0	0	0	37
290690	9	10	7	0	0	4	0	0	30
226371	33	32	35	0	0	0	0	0	100
226391	5	5	4	0	0	0	0	0	14
290693	10	10	8	0	0	3	0	0	31
221034	18	18	11	0	0	8	0	0	55
221084	12	12	11	0	0	2	0	0	37
221068	11	11	10	0	0	2	0	1	35
221094	11	10	7	0	0	1	0	1	30
242271	10	11	8	0	0	2	0	0	31
242652	20	21	19	0	0	7	0	1	68
242654	0	0	0	0	0	0	0	0	0
242452	1	1	0	0	0	0	0	0	2
262855	1	1	0	0	0	0	0	0	2
242364	1	1	0	0	0	0	0	0	2
242320	1	1	0	0	0	0	0	0	2
242076	1	1	0	0	0	0	0	0	2
242287	1	1	0	0	0	0	0	0	2
242486	0	0	0	0	0	0	0	0	0
242311	1	1	0	0	0	0	0	0	2
242444	0	0	0	0	0	0	0	0	0
242434	4	4	8	0	0	0	0	0	16
242291	15	16	12	0	0	0	0	0	43
242307	7	7	7	0	0	0	0	0	21
242128	4	4	4	0	0	0	0	0	12
242238	4	4	4	0	0	0	0	0	12
242373	3	3	2	0	0	0	0	0	8
242196	10	10	16	0	0	0	0	0	36
218834	4	4	4	0	0	1	0	0	13
218828	4	4	4	0	0	1	0	0	13
221035	2	2	10	0	0	0	0	0	14
242272	13	13	13	0	0	2	0	0	41
242448	12	12	15	0	0	2	0	0	41
218809	1	1	1	0	0	0	0	0	3
218838	1	1	1	0	0	0	0	0	3
287965	16	17	9	0	0	1	0	1	44
287996	25	23	20	0	0	2	0	0	70
218781	19	18	21	0	0	2	0	0	60
218024	14	18	10	0	0	0	0	0	42
242451	15	15	19	0	0	0	0	0	49
242370	37	41	45	0	0	3	0	0	126
218796	37	41	45	0	0	3	0	0	126
242192	0	0	0	0	0	0	0	0	0
242393	16	16	18	0	0	0	0	0	50
242333	20	19	20	0	0	0	0	0	59
242539	18	16	11	0	0	0	0	0	45
242445	11	12	11	0	0	0	0	0	34
242463	11	12	7	0	0	0	0	0	30
288280	2	2	1	0	0	0	0	0	5
218081	0	0	0	0	0	0	0	0	0
218836	13	12	17	0	0	0	0	4	46
218795	21	21	21	0	0	2	0	2	67
242113	5	5	1	0	0	0	0	0	11
242560	4	3	1	0	0	3	0	0	11
252170	0	0	0	0	0	0	0	0	0
242118	0	0	0	0	0	0	0	0	0
218842	0	0	0	0	0	0	0	0	0
218830	1	0	0	0	0	0	0	1	2
218778	3	2	0	0	0	0	0	0	5
218827	2	1	0	0	0	0	0	0	3
242365	0	0	0	0	0	0	0	0	0
218833	0	0	0	0	0	0	0	0	0
288261	2	2	1	0	0	0	0	0	5
242407	4	4	4	0	0	0	0	0	12
218818	28	29	26	0	0	1	0	1	85
288268	9	8	12	0	0	5	0	0	34
242537	8	6	10	0	0	1	0	1	26
242137	7	6	2	0	0	3	0	1	19
252165	23	20	13	0	0	4	0	0	60
218825	12	12	12	0	0	4	0	0	40
288289	14	13	6	0	0	3	0	0	36
288188	0	0	0	0	0	2	0	2	4
242145	10	9	2	0	0	3	0	0	24
242245	4	4	6	0	0	0	0	0	14
242385	14	14	14	0	0	2	0	2	46
218804	20	19	20	0	0	1	0	2	62
221081	23	25	13	0	0	3	0	5	69
218788	20	19	21	0	0	1	0	1	62
242185	24	24	35	0	0	1	0	1	85
242435	11	12	9	0	0	3	0	1	36
242167	20	22	15	0	0	2	0	2	61
218808	15	14	17	0	0	1	0	1	48
218090	6	7	15	0	0	2	0	2	32
156512	10	10	9	0	0	0	0	1	30
252168	2	2	0	0	0	1	0	2	7
242415	11	11	10	0	0	1	0	2	35
242100	27	30	22	1	1	2	1	1	85
242404	11	12	11	0	0	2	0	2	38
242351	25	26	21	0	0	1	0	1	74
218780	33	34	21	0	0	0	0	0	88
288310	8	8	6	0	0	2	0	2	26
221087	37	42	25	0	0	0	0	0	104
218785	2	1	3	0	0	4	0	2	12
218813	28	31	20	0	0	0	0	0	79
242268	14	16	23	0	0	2	0	2	57
218841	5	5	2	0	0	0	0	0	12
218824	16	16	9	0	0	1	0	1	43
242162	14	13	13	0	0	2	0	2	44
242263	14	16	10	0	0	1	0	1	42
218883	15	17	11	0	0	1	0	1	45
221025	35	35	45	0	0	1	0	1	117
288302	5	4	3	0	0	2	0	1	15
218988	16	15	7	0	0	1	0	1	40
218963	17	16	7	0	0	1	0	1	42
242548	10	10	5	0	0	3	0	2	30
242437	42	44	34	1	1	2	1	2	127
242250	16	17	10	0	0	1	0	0	44
288233	16	16	7	0	0	2	0	2	43
218937	9	8	14	0	0	0	0	2	33
288178	8	8	3	0	0	4	0	2	25
221082	5	5	3	0	0	2	0	2	17
199761	11	11	11	0	0	0	0	1	34
242363	9	8	5	0	0	2	0	1	25
199773	9	9	8	0	0	2	0	3	31
242417	26	25	29	0	0	4	0	2	86
242380	17	17	13	0	0	3	0	1	51
242157	19	20	31	0	0	2	0	2	74
288152	17	17	11	0	0	4	0	2	51
218892	15	15	16	0	0	3	0	2	51
242391	15	17	9	0	0	1	0	1	43
288278	13	13	10	0	0	1	0	1	38
288215	17	18	14	0	0	2	0	3	54
242476	17	18	13	0	0	2	0	3	53
156515	9	10	4	0	0	0	0	1	24
218974	10	12	6	0	0	1	0	1	30
218935	11	10	4	0	0	0	0	0	25
242347	15	16	13	0	0	2	0	2	48
218889	18	17	10	0	0	1	0	1	47
218942	8	8	8	0	0	0	0	2	26
242251	4	4	2	0	0	0	0	1	11
218916	15	15	12	0	0	3	0	1	46
218891	11	10	8	0	0	5	0	2	36
156491	15	16	13	0	0	2	0	2	48
287955	6	5	2	0	0	2	0	1	16
288267	4	5	8	0	0	2	0	2	21
242425	9	11	9	0	0	1	0	2	32
218967	8	7	3	0	0	1	0	1	20
218913	10	10	5	0	0	1	0	1	27
242124	6	8	3	0	0	1	0	1	19
242110	8	7	5	0	0	3	0	3	26
242300	8	7	7	0	0	1	0	1	24
218905	30	30	20	0	0	2	0	2	84
156514	16	16	13	0	0	0	0	1	46
218879	14	15	10	0	0	0	0	1	40
252171	6	6	5	0	0	2	0	2	21
287950	13	12	8	0	0	1	0	1	35
242125	18	17	10	0	0	1	0	1	47
218943	23	24	31	0	0	1	0	1	80
218914	18	17	10	0	0	1	0	1	47
242155	22	23	30	0	0	1	0	1	77
242449	16	16	15	0	0	0	0	1	48
242535	20	20	33	0	0	2	0	1	76
288012	22	21	24	0	0	3	0	0	70
221098	23	23	19	1	1	4	0	2	73
242111	7	7	5	0	0	2	0	2	23
218898	4	4	3	0	0	4	0	2	17
156496	13	11	9	0	0	3	0	1	37
156499	20	24	13	0	0	0	0	1	58
156510	18	18	15	0	0	2	0	1	54
287953	12	14	8	0	0	0	0	1	35
221075	23	24	13	0	0	1	0	1	62
218915	22	20	15	0	0	2	0	2	61
156521	9	9	8	0	0	2	0	2	30
242438	9	9	17	0	0	2	0	2	39
252176	2	5	2	0	0	0	0	1	10
242183	11	12	8	0	0	1	0	3	35
242082	9	9	8	0	0	2	0	3	31
242286	10	10	15	0	0	2	0	1	38
218979	18	20	10	0	0	2	0	2	52
218985	19	21	6	0	0	1	0	1	48
242081	11	11	8	0	0	1	0	1	32
242410	7	11	4	0	0	0	0	0	22
242325	11	10	6	0	0	2	0	2	31
242551	20	21	17	1	1	1	1	1	63
218911	10	16	6	0	0	1	0	2	35
287979	1	2	8	0	0	2	0	2	15
218947	8	7	6	0	0	1	0	1	23
218972	9	9	3	0	0	1	0	2	24
242089	14	13	14	0	0	2	0	2	45
218880	9	11	7	0	0	2	0	0	29
218954	11	12	10	0	0	3	0	2	38
218926	24	25	15	0	0	0	0	0	64
242499	15	16	9	0	0	2	0	2	44
242471	14	13	12	0	0	1	0	2	42
242159	15	16	13	0	0	2	0	2	48
242552	21	20	21	0	0	4	0	2	68
288019	9	10	2	0	0	1	0	2	24
218932	46	51	38	1	1	2	1	2	142
218886	7	6	8	0	0	1	0	2	24
242094	9	9	8	0	0	1	0	2	29
218881	16	17	13	0	0	2	0	2	50
288298	6	6	5	0	0	1	0	0	18
218929	7	6	7	1	1	3	1	2	28
218907	18	17	9	0	0	1	0	1	46
242319	16	15	7	0	0	1	0	1	40
242163	31	30	22	0	0	0	0	0	83
218924	4	4	2	0	0	0	0	1	11
242529	12	12	9	0	0	0	0	0	33
218919	21	22	47	0	0	3	0	0	93
218922	7	9	4	0	0	0	0	1	21
242377	25	26	23	1	1	2	1	1	80
218957	30	32	24	1	1	2	1	0	91
242500	9	9	9	0	0	2	0	2	31
218910	8	8	6	0	0	2	0	2	26
218896	9	8	9	0	0	2	0	2	30
218921	22	18	9	0	0	2	0	1	52
242229	21	21	20	0	0	1	0	1	64
242564	17	16	16	0	0	0	0	1	50
218939	10	9	8	0	0	1	0	1	29
218902	24	25	33	0	0	1	0	1	84
242507	10	9	5	0	0	2	0	1	27
218925	12	10	7	0	0	2	0	1	32
218882	30	33	24	0	0	3	0	1	91
242261	3	3	3	0	0	1	0	1	11
242465	15	17	18	0	0	3	0	2	55
242479	14	13	13	0	0	2	0	2	44
288218	8	9	6	0	0	0	0	1	24
218928	6	5	2	0	0	5	0	2	20
218970	19	21	10	0	0	3	0	2	55
218895	6	4	2	0	0	2	0	2	16
242541	2	1	2	0	0	2	0	2	9
218885	21	20	33	0	0	2	0	2	78
218934	16	16	13	0	0	0	0	0	45
218973	16	14	14	0	0	1	0	1	46
218906	17	17	16	0	0	1	0	1	52
220473	7	7	8	0	0	1	0	1	24
220460	21	21	14	0	0	3	0	2	61
220489	15	17	16	0	0	1	0	1	50
220516	14	13	10	0	0	2	0	1	40
242475	4	3	2	0	0	0	0	1	10
220478	5	5	5	0	0	1	0	1	17
242470	21	21	20	0	0	2	0	1	65
288032	26	26	24	0	0	2	0	1	79
220465	27	24	23	0	0	0	0	1	75
242127	11	12	12	0	0	0	0	0	35
220486	5	5	4	0	0	2	0	2	18
220466	8	8	6	0	0	1	0	0	23
220434	10	10	16	0	0	0	0	0	36
220483	17	14	15	0	0	0	0	0	46
242561	8	9	8	0	0	0	0	0	25
242179	17	16	17	0	0	2	0	1	53
220455	16	15	12	0	0	0	0	0	43
242178	18	15	11	0	0	0	0	0	44
242488	15	20	7	0	0	1	0	1	44
220474	15	14	14	0	0	0	0	0	43
242386	18	21	19	0	0	1	0	1	60
220427	13	19	10	0	0	1	0	1	44
242384	29	29	25	0	0	0	0	1	84
242419	10	11	7	0	0	1	0	1	30
220417	19	17	15	0	0	1	0	1	53
242396	9	9	14	0	0	3	0	0	35
242285	16	15	11	0	0	0	0	0	42
242210	13	14	8	0	0	0	0	1	36
242228	17	16	18	0	0	1	0	1	53
220480	15	14	15	0	0	0	0	0	44
220439	8	7	1	0	0	0	0	2	18
220459	16	16	15	0	0	0	0	1	48
220394	9	9	9	0	0	1	0	1	29
220513	14	13	6	0	0	2	0	1	36
242522	12	12	9	0	0	1	0	2	36
242490	0	0	0	0	0	1	0	2	3
242402	18	20	17	0	0	3	0	2	60
220508	16	14	21	0	0	2	0	1	54
220414	8	8	3	0	0	2	0	2	23
220448	12	11	6	0	0	1	0	0	30
220408	6	5	4	0	0	2	0	2	19
242390	10	9	4	0	0	2	0	3	28
242480	10	10	12	0	0	2	0	1	35
242108	7	8	5	0	0	1	0	1	22
242532	17	17	11	0	0	1	0	1	47
242169	17	17	10	0	0	1	0	1	46
242085	18	18	12	0	0	1	0	1	50
242191	17	17	11	0	0	1	0	1	47
242114	6	6	4	0	0	2	0	2	20
242305	19	21	17	0	0	2	0	1	60
220511	20	19	18	0	0	1	0	1	59
242223	19	21	16	0	0	2	0	1	59
220395	14	14	16	0	0	1	0	1	46
220425	8	8	18	0	0	2	0	1	37
242119	20	21	14	0	0	2	0	2	59
220499	6	5	5	0	0	1	0	2	19
242397	13	13	10	0	0	1	0	2	39
242546	17	17	17	0	0	2	0	2	55
220510	41	46	35	1	1	2	1	2	129
220504	7	6	3	0	0	2	0	3	21
220462	23	24	12	0	0	1	0	1	61
220463	33	37	35	1	1	1	1	2	111
242350	20	19	10	0	0	1	0	1	51
242521	18	19	16	0	0	2	0	2	57
220477	11	9	6	0	0	2	0	0	28
220456	2	2	0	0	0	3	0	2	9
242378	10	10	5	0	0	0	0	0	25
242412	6	5	3	0	0	2	0	2	18
220409	20	22	22	0	0	1	0	1	66
220451	33	35	18	0	0	0	0	0	86
242215	18	17	10	0	0	1	0	1	47
242222	13	12	15	1	1	3	0	2	47
220396	13	12	9	0	0	2	0	1	37
220393	18	18	11	0	0	1	0	1	49
242182	16	17	10	0	0	1	0	2	46
242312	3	3	2	0	0	2	0	2	12
242478	14	13	9	0	0	0	0	0	36
242474	16	15	7	0	0	1	0	1	40
220518	16	15	7	0	0	1	0	1	40
242440	17	18	13	0	0	2	0	3	53
220457	20	21	12	0	0	1	0	1	55
220494	16	17	6	0	0	1	0	1	41
242501	5	6	2	0	0	1	0	1	15
242233	9	8	8	0	0	4	0	2	31
242441	38	41	32	0	0	2	0	0	113
242173	7	7	6	0	0	0	0	2	22
220472	15	13	12	0	0	0	0	0	40
220481	5	5	2	0	0	1	0	2	15
220452	7	7	3	0	0	2	0	0	19
220405	16	15	11	0	0	1	0	1	44
242205	14	13	14	0	0	4	0	2	47
242234	3	4	5	0	0	2	0	2	16
220404	8	8	8	0	0	2	0	2	28
220437	8	9	8	0	0	2	0	0	27
220501	8	8	8	0	0	2	0	2	28
242340	1	1	1	0	0	1	0	1	5
242310	7	7	10	0	0	2	0	1	27
242515	8	8	9	0	0	1	0	2	28
220479	18	17	10	0	0	1	0	1	47
220622	16	15	7	0	0	1	0	1	40
242096	10	11	3	0	0	2	0	1	27
242143	12	12	11	0	0	2	0	1	38
242298	37	38	24	0	0	0	0	0	99
220613	15	15	11	0	0	1	0	1	43
242080	7	6	3	0	0	2	0	3	21
242383	7	6	4	0	0	2	0	3	22
242331	7	6	4	0	0	2	0	3	22
242357	24	28	12	0	0	2	0	2	68
220644	11	11	6	0	0	2	0	1	31
220675	3	4	4	0	0	2	0	2	15
220654	21	22	14	0	0	2	0	2	61
242149	2	2	0	0	0	1	0	0	5
220643	12	13	10	0	0	2	0	2	39
252178	10	10	4	0	0	1	0	0	25
287948	16	18	10	0	0	1	0	2	47
242141	2	2	0	0	0	2	0	2	8
220637	8	8	8	0	0	2	0	2	28
220630	3	3	1	0	0	1	0	1	9
288231	39	40	29	0	0	3	0	0	111
242176	14	15	9	0	0	2	0	4	44
242253	8	8	3	0	0	2	0	1	22
242502	22	23	11	0	0	2	0	1	59
242557	29	29	16	0	0	1	0	1	76
242266	8	7	4	0	0	2	0	1	22
252172	28	30	20	1	1	5	1	2	88
242464	15	16	13	0	0	2	0	2	48
242428	19	21	14	0	0	1	0	2	57
242240	5	6	1	0	0	2	0	2	16
242426	19	23	9	1	1	2	1	0	56
242491	14	12	12	0	0	1	0	2	41
220648	12	12	4	0	0	2	0	1	31
220677	8	8	4	0	0	0	0	0	20
242344	13	13	9	0	0	2	0	2	39
242265	13	13	9	0	0	2	0	2	39
220624	15	11	11	0	0	2	0	2	41
288277	7	8	6	0	0	1	0	2	24
242352	28	30	13	0	0	1	0	1	73
220620	30	32	15	0	0	1	0	1	79
242318	15	15	12	0	0	3	0	1	46
242543	11	12	15	0	0	3	0	2	43
220612	2	4	0	0	0	3	0	3	12
288266	12	12	9	0	0	1	0	1	35
242545	30	30	25	0	0	0	0	2	87
242213	23	25	17	0	0	1	0	1	67
220619	18	17	10	0	0	1	0	1	47
242513	7	7	4	0	0	0	0	1	19
220651	5	5	1	0	0	2	0	2	15
220635	3	2	1	0	0	1	0	1	8
288306	44	46	36	1	1	2	1	2	133
287981	46	48	35	1	1	2	1	2	136
220652	2	3	0	1	1	1	0	1	9
242433	12	11	9	0	0	0	0	1	33
242530	12	13	10	0	0	2	0	4	41
252167	30	30	25	0	0	0	0	0	85
220647	12	13	10	0	0	2	0	4	41
242528	36	35	23	0	0	1	0	2	97
220639	11	11	6	0	0	2	0	1	31
220674	6	7	4	0	0	2	0	2	21
220669	15	15	17	0	0	0	0	1	48
220659	16	17	14	0	0	2	0	2	51
242204	26	28	31	0	0	2	0	2	89
242442	23	23	14	0	0	0	0	1	61
242511	19	20	35	0	0	2	0	0	76
288254	19	19	15	0	0	3	0	2	58
242547	19	17	23	0	0	2	0	1	62
242388	9	8	4	1	1	4	0	2	29
242217	15	14	15	0	0	1	0	1	46
242161	10	12	3	0	0	1	0	0	26
156518	8	8	5	0	0	1	0	0	22
220661	18	17	14	0	0	3	0	1	53
262873	9	9	10	0	0	1	0	1	30
227514	10	9	11	0	0	1	0	1	32
227515	21	21	19	0	0	2	0	1	64
227523	3	3	3	0	0	0	0	1	10
253676	7	6	2	0	0	0	0	0	15
227520	10	9	4	0	0	1	0	1	25
227516	6	6	6	1	1	2	1	1	24
227517	24	28	18	0	0	2	0	0	72
227522	2	2	2	0	0	1	0	0	7
227518	4	4	2	0	0	2	0	2	14
227524	13	14	7	0	0	3	0	2	39
220653	10	11	7	0	0	2	0	1	31
220676	0	0	0	0	0	1	0	2	3
242054	7	7	4	0	0	1	0	1	20
227525	26	27	15	0	0	0	0	1	69
227521	18	24	10	0	0	1	0	0	53
221052	12	13	13	0	0	1	0	0	39
288271	4	4	1	0	0	2	0	1	12
242048	14	13	10	0	0	0	0	1	38
242043	19	18	15	0	0	1	0	2	55
242046	17	19	17	0	0	0	0	0	53
242059	16	13	9	0	0	2	0	0	40
242055	29	30	29	1	1	2	1	1	94
242044	33	35	33	1	1	2	1	1	107
242053	11	9	5	0	0	1	0	1	27
242056	15	14	10	0	0	1	0	1	41
288229	15	14	7	0	0	1	0	1	38
242050	11	11	7	0	0	2	0	3	34
242061	11	11	7	1	1	3	0	2	36
242052	13	12	49	0	0	2	0	0	76
242042	13	14	8	0	0	2	0	2	39
242049	23	25	17	0	0	1	0	1	67
242057	12	11	8	0	0	2	0	2	35
287983	17	16	15	0	0	1	0	2	51
226542	8	10	8	0	0	1	0	2	29
226565	10	8	7	0	0	1	0	0	26
220593	17	16	17	0	0	1	0	1	52
288003	14	14	8	0	0	2	0	1	39
226552	13	14	8	0	0	2	0	1	38
226540	14	13	11	0	0	0	0	0	38
226550	7	7	8	0	0	1	0	0	23
287993	15	14	10	1	1	3	0	2	46
288255	12	12	9	0	0	0	0	1	34
226541	8	7	3	0	0	3	0	2	23
226545	17	15	14	0	0	2	0	2	50
226561	9	10	9	0	0	3	0	2	33
226562	37	39	20	0	0	1	0	0	97
288158	32	28	21	0	0	3	0	0	84
288256	26	24	19	0	0	1	0	0	70
226559	1	0	0	0	0	0	0	0	1
226553	1	1	0	0	0	0	0	0	2
288037	2	0	0	0	0	0	0	0	2
219824	1	1	0	0	0	0	0	0	2
220581	0	0	0	0	0	1	0	1	2
226554	3	3	2	0	0	0	0	0	8
226549	3	3	2	0	0	0	0	0	8
288194	0	0	0	0	0	0	0	0	0
226551	1	1	1	0	0	0	0	0	3
219822	1	1	1	0	0	0	0	0	3
226556	3	3	1	0	0	0	0	0	7
288182	0	0	0	0	0	0	0	0	0
288308	6	6	4	0	0	1	0	0	17
288286	0	0	0	0	0	0	0	0	0
219828	2	2	1	0	0	4	0	3	12
219830	0	0	0	0	0	0	0	0	0
219829	0	0	0	0	0	0	0	0	0
219837	0	0	0	0	0	0	0	0	0
226557	0	0	0	0	0	0	0	0	0
219833	3	2	3	0	0	1	0	0	9
220597	5	4	3	0	0	1	0	0	13
219834	0	0	0	0	0	0	0	0	0
239248	0	0	0	0	0	0	0	0	0
226544	16	20	9	0	0	1	0	0	46
226548	14	13	8	0	0	3	0	0	38
239247	0	0	0	0	0	0	0	0	0
219835	1	1	0	0	0	0	0	0	2
