RastId	Enzyme_1	Enzyme_2	Enzyme_3	Enzyme_4	Enzyme_5	Enzyme_6	Enzyme_7	Enzyme_8	Enzyme_9	Enzyme_10	Enzyme_11	Enzyme_12	Enzyme_13	Enzyme_14	Enzyme_15	Enzyme_16	Enzyme_17	Enzyme_18	Enzyme_19	Enzyme_20	Enzyme_21	Enzyme_22	Enzyme_23	Enzyme_24	Enzyme_25	Enzyme_26	Enzyme_27	Enzyme_28	Enzyme_29	Enzyme_30	Enzyme_31	Enzyme_32	Enzyme_33	Enzyme_34	Enzyme_35	Enzyme_36	Enzyme_37	Enzyme_38	Enzyme_39	Enzyme_40	Enzyme_41	Enzyme_42	Enzyme_43	Enzyme_44	TOTAL
390257	1	1	1	1	1	1	0	0	0	1	3	0	1	0	1	3	1	0	2	0	1	1	1	1	1	1	0	1	1	2	1	2	2	1	1	2	1	1	1	2	1	2	1	2	48
390256	0	0	1	0	1	0	0	0	1	1	1	0	1	0	0	2	0	0	0	0	0	0	0	1	2	1	0	0	3	0	1	1	0	1	0	1	0	1	0	0	0	1	1	1	23
388360	1	1	2	1	1	1	0	0	0	1	1	0	0	0	1	6	1	0	1	0	1	1	1	1	1	1	1	1	1	3	0	2	2	1	1	3	1	1	2	2	1	2	1	2	51
388880	1	1	2	1	2	1	0	0	0	1	1	0	1	0	1	6	1	0	1	0	1	1	1	1	1	1	1	1	1	3	0	3	1	2	1	3	1	1	2	2	1	2	1	2	54
388538	0	0	2	1	1	1	0	0	0	2	1	0	0	0	1	3	0	0	0	0	0	1	0	1	1	0	0	0	1	1	0	3	3	1	1	2	1	1	0	0	0	2	1	1	33
388397	1	1	2	1	1	1	0	0	0	0	1	0	0	0	1	6	1	0	1	0	1	1	1	1	1	1	1	1	1	3	0	3	2	1	1	3	1	1	2	2	1	2	1	2	51
388825	1	1	2	1	1	1	0	0	0	1	1	0	1	0	1	6	1	0	1	0	1	1	1	1	1	1	1	1	1	3	0	3	2	1	1	3	1	1	2	2	1	2	1	2	53
390271	0	0	2	1	2	0	0	0	2	1	2	0	0	0	0	2	0	0	0	0	0	0	0	1	1	1	0	0	2	1	0	2	0	0	0	3	0	1	0	0	0	0	0	1	25
390277	0	0	2	1	2	0	0	0	2	1	2	0	0	0	0	1	0	0	0	0	0	0	0	1	1	1	0	0	3	1	0	2	0	0	0	3	0	1	0	0	0	0	0	1	25
390301	1	2	1	1	1	0	0	0	1	1	1	0	1	0	1	4	1	0	2	0	1	1	1	1	1	1	0	0	2	1	0	1	1	0	1	1	0	1	0	0	0	1	1	1	35
388553	1	1	1	1	1	0	0	0	1	1	1	0	1	0	1	4	1	0	2	0	0	1	1	1	1	1	0	0	2	1	0	1	0	0	1	1	0	1	0	0	0	1	1	1	32
390173	1	2	1	1	1	0	0	0	1	1	1	0	1	0	1	4	1	0	2	0	1	1	1	1	1	1	0	0	3	1	0	1	1	0	1	1	0	1	0	0	0	1	1	1	36
388287	0	0	1	0	0	0	0	0	0	0	0	0	0	1	0	0	0	0	0	0	0	0	0	0	0	0	0	0	0	1	0	0	0	0	0	0	0	0	0	0	0	0	0	0	3
388850	0	1	1	1	1	1	0	0	1	2	1	0	0	1	1	3	0	0	2	0	0	0	0	1	1	1	1	1	1	0	1	0	0	0	1	0	0	1	0	0	0	0	1	0	26
388556	0	0	1	1	3	1	0	0	0	0	0	0	0	0	0	2	0	0	1	0	0	0	0	0	1	0	0	0	0	1	0	0	1	0	0	0	0	0	0	1	0	0	0	0	13
388817	1	0	1	0	1	1	0	0	0	1	0	0	0	1	0	2	1	1	1	1	0	1	1	0	1	0	0	0	1	2	0	0	1	0	0	1	1	0	1	1	0	1	1	1	26
388845	1	0	0	0	1	1	0	0	0	1	1	0	0	0	0	1	0	0	0	0	0	1	0	0	0	1	0	1	1	0	0	1	0	0	0	0	0	1	2	1	0	0	1	1	17
388336	0	0	1	1	2	1	0	0	0	0	0	0	0	0	0	2	0	0	1	0	0	0	0	0	1	0	0	0	0	1	0	0	1	0	0	0	0	0	0	1	0	0	0	0	12
388521	0	0	1	1	2	1	0	0	0	0	0	0	0	1	0	1	0	0	0	0	0	0	0	0	1	1	0	1	1	2	0	1	1	1	0	1	1	0	1	1	1	1	0	1	23
388363	0	1	1	1	2	1	0	0	0	1	0	0	0	1	0	1	0	1	1	0	0	0	0	0	1	1	0	1	1	2	0	1	0	0	0	1	0	1	0	1	0	0	1	1	23
388428	0	0	0	0	0	0	0	0	0	1	0	0	0	0	0	2	1	1	1	1	0	0	0	0	0	0	0	0	0	1	0	0	0	0	0	0	0	1	0	0	0	0	0	0	9
388819	0	1	1	0	1	2	0	1	0	1	1	0	0	2	2	5	0	0	1	0	1	0	0	1	0	0	0	1	5	0	0	2	2	0	1	2	1	1	2	3	1	0	0	1	42
388563	0	1	1	0	1	2	0	1	0	1	1	0	0	2	1	5	0	0	1	0	1	0	0	0	0	0	0	1	4	0	0	2	2	1	1	2	1	0	2	3	1	0	0	1	39
388417	0	1	1	0	1	2	0	1	0	1	1	0	0	2	1	5	0	0	1	0	1	0	0	1	0	1	0	1	4	0	0	2	2	0	1	2	1	1	2	3	1	0	0	1	41
388806	0	1	1	0	1	2	0	1	0	1	1	1	1	2	2	4	0	0	1	0	1	0	0	1	0	0	0	0	4	0	0	4	1	1	1	4	1	1	2	3	1	0	0	1	45
388227	0	1	1	0	1	2	0	1	0	1	1	1	1	2	2	4	0	0	1	0	1	0	0	1	0	0	0	1	4	0	0	3	2	1	1	3	1	1	2	3	1	0	0	1	45
388535	0	1	1	0	1	2	0	1	0	1	1	1	1	2	2	4	0	0	1	0	1	0	0	1	0	0	0	0	4	0	0	3	1	1	1	3	1	1	2	3	1	0	0	1	43
388259	0	0	0	0	2	2	0	1	0	1	1	0	0	1	1	4	0	0	0	0	1	0	0	1	0	1	0	0	3	0	0	3	2	1	1	2	1	1	2	2	1	0	0	1	36
390219	1	1	1	0	2	1	0	1	0	0	1	0	0	1	1	3	0	1	2	0	0	1	1	0	1	1	1	1	4	2	1	2	4	1	1	2	1	2	2	2	1	1	0	1	49
390212	1	1	1	0	2	1	0	1	0	0	1	0	0	1	1	3	0	1	2	0	0	1	1	0	1	1	1	1	4	2	1	2	4	1	1	2	1	2	2	2	1	1	0	1	49
388672	1	1	1	0	2	1	0	1	0	0	0	0	0	1	1	3	0	1	2	0	0	1	1	0	1	1	1	1	4	1	0	2	4	1	0	2	1	2	1	2	1	1	0	1	44
388329	1	1	1	0	2	1	0	1	0	0	0	0	0	1	1	1	0	1	2	0	0	1	1	0	1	1	1	1	3	2	0	2	4	1	0	2	1	2	2	2	1	1	0	0	42
390677	1	1	2	0	2	1	0	1	0	0	1	0	0	1	1	2	1	1	2	0	0	1	1	0	1	1	1	1	4	1	1	2	1	1	1	2	1	1	2	2	1	1	0	1	45
390236	1	1	1	0	2	1	0	1	0	0	2	0	0	1	1	3	0	1	2	0	0	1	1	0	1	1	1	1	4	1	1	2	1	1	1	2	1	2	2	2	1	1	0	1	46
390264	1	1	2	0	2	1	0	1	2	0	1	0	0	1	1	2	1	1	2	0	0	1	1	0	1	1	1	1	4	1	1	2	1	1	1	2	1	2	2	2	1	0	0	1	47
389037	0	0	0	0	0	0	0	0	0	0	0	0	0	0	0	0	0	0	0	0	0	0	0	0	0	1	0	0	0	0	0	0	1	0	0	0	0	0	0	0	0	0	0	0	2
389064	0	0	0	0	2	1	0	0	0	0	0	0	0	1	1	1	0	0	0	0	0	0	0	1	0	0	0	1	1	0	0	0	0	1	1	0	0	0	0	0	0	0	0	0	11
389053	0	0	0	0	0	0	0	0	0	0	0	0	0	0	0	1	0	0	0	0	0	0	0	1	1	1	0	0	0	0	0	0	0	0	0	0	0	0	0	0	0	0	0	0	4
389030	0	0	1	0	1	0	0	0	0	0	0	0	0	0	0	0	0	0	0	0	0	0	0	0	1	0	0	0	1	0	0	0	0	0	0	0	0	0	0	0	0	0	0	0	4
388998	0	0	0	0	0	0	0	0	0	1	0	0	0	0	0	0	0	0	0	0	0	0	0	0	0	1	1	0	1	0	0	0	0	0	0	0	0	0	0	0	0	0	0	0	4
389010	0	0	0	0	0	0	0	0	0	0	0	0	0	0	0	0	0	0	0	0	0	0	0	0	0	0	0	0	0	0	0	0	0	0	0	0	0	1	0	0	0	0	0	0	1
389006	0	0	0	0	0	0	0	0	0	0	0	0	0	0	0	0	0	0	0	0	0	0	0	0	0	1	0	0	1	0	0	0	0	0	0	0	0	0	0	0	0	0	0	0	2
389062	1	1	0	0	0	0	0	0	0	0	0	0	0	0	0	0	0	0	0	0	0	1	0	0	0	0	0	0	0	0	0	0	0	0	0	0	0	0	0	0	0	0	0	0	3
389015	0	0	1	0	1	0	0	0	0	1	1	0	0	0	0	0	0	0	0	0	0	0	0	0	1	1	0	0	2	0	0	0	0	0	0	0	0	2	0	0	0	0	0	0	10
389041	0	0	0	0	1	0	0	0	0	1	1	0	0	0	0	0	0	0	0	0	0	0	0	1	1	1	0	0	0	0	1	0	0	1	0	0	0	1	0	0	0	0	0	0	9
389032	0	0	1	0	0	0	0	0	0	1	0	0	0	0	0	0	0	0	0	0	0	0	0	0	0	1	0	0	1	0	0	0	0	0	0	0	0	0	0	0	0	0	0	0	4
389035	0	0	0	0	1	0	0	0	0	0	0	0	0	0	0	1	0	0	0	0	0	0	0	0	0	0	1	0	0	0	1	0	0	0	0	0	0	0	0	0	0	0	0	0	4
388988	0	0	0	0	0	0	0	0	0	0	0	0	0	0	0	0	0	0	0	0	0	0	0	0	0	1	0	0	0	0	0	0	0	0	0	0	0	1	0	0	0	0	0	0	2
391683	1	1	1	0	1	0	0	0	0	1	1	0	0	0	0	1	1	1	1	0	1	1	1	0	1	1	0	0	1	0	0	0	1	0	0	0	0	2	0	0	0	0	0	0	19
391678	0	0	1	0	2	1	0	0	0	1	0	1	1	0	1	3	0	0	0	0	0	0	0	0	1	1	0	1	1	0	0	1	0	0	0	1	0	1	0	0	0	0	0	0	18
391670	0	0	0	0	1	0	0	0	0	1	0	0	0	0	0	1	0	0	0	0	0	0	0	0	0	0	0	0	0	0	0	0	0	0	0	0	0	0	0	2	0	0	0	0	5
388421	0	1	1	0	2	2	0	1	0	1	1	1	0	2	2	3	0	0	0	0	1	0	0	0	0	1	0	1	4	0	0	2	2	1	1	3	1	0	2	2	1	0	0	1	40
389027	0	1	3	1	1	1	0	0	0	0	1	1	1	1	1	3	0	0	1	0	1	0	0	0	1	1	0	1	1	1	0	2	3	1	0	3	1	2	2	2	1	0	0	0	39
389024	0	1	2	0	1	1	1	0	0	1	1	1	1	1	1	3	0	0	1	0	1	0	0	0	1	1	0	1	2	1	0	2	3	1	1	3	1	2	2	2	1	0	0	0	41
389059	0	1	2	0	1	1	0	0	0	1	1	1	1	0	1	2	0	0	1	0	1	0	0	0	1	1	0	0	2	1	0	1	2	1	0	3	1	2	2	2	1	0	0	0	34
388993	0	1	1	0	2	1	1	0	0	1	0	0	0	1	1	2	0	0	0	0	0	0	0	0	0	0	0	2	3	2	1	1	0	0	1	1	0	3	2	2	1	0	0	0	30
389028	0	0	0	0	1	0	0	0	0	0	0	0	0	0	1	1	0	0	1	0	0	0	0	0	0	0	0	0	1	1	0	0	0	0	0	1	0	2	0	0	0	0	0	0	9
390205	1	1	1	1	1	0	0	0	1	1	1	0	1	0	0	3	1	0	2	0	1	1	1	1	1	1	1	0	4	2	1	1	3	1	1	1	0	1	0	0	0	2	1	1	41
390230	1	1	1	1	1	1	0	0	1	1	1	0	0	0	1	4	1	0	2	0	1	1	1	1	1	1	1	1	4	2	1	2	3	1	1	2	1	1	1	2	1	1	1	1	50
388468	0	0	1	1	1	0	0	0	1	1	0	0	0	0	0	3	0	0	1	0	0	1	1	1	0	1	0	0	1	2	0	2	1	0	1	1	0	1	0	0	0	1	0	0	23
388302	1	0	1	0	2	0	0	0	1	1	0	0	0	0	1	2	0	0	1	0	0	1	1	0	0	0	0	0	1	0	0	1	1	0	1	0	2	0	2	4	0	1	0	1	26
388567	1	1	1	1	1	1	0	0	0	1	1	0	1	0	1	3	1	0	1	0	1	1	1	1	0	1	0	1	1	1	0	2	1	1	0	2	0	1	0	0	0	1	0	1	32
388882	1	1	1	1	1	1	0	0	1	1	1	0	1	0	1	6	1	0	2	0	1	1	1	1	0	1	1	1	3	2	0	2	2	1	1	2	1	1	2	2	1	1	0	1	49
391685	1	2	0	0	1	0	0	1	1	1	0	1	1	1	1	2	1	1	1	0	0	0	1	0	0	0	1	1	2	0	1	2	0	1	0	2	0	0	0	0	0	0	0	1	28
389058	0	0	1	1	1	0	0	0	1	0	0	0	0	0	0	0	0	1	1	0	0	0	0	0	0	0	0	0	3	2	0	0	0	0	0	0	0	0	1	2	0	1	0	0	15
389039	0	0	1	0	0	0	0	0	2	0	0	1	0	0	0	0	0	0	0	0	0	0	0	0	0	0	1	0	2	0	0	0	0	0	0	1	0	1	1	2	0	0	0	0	12
388987	0	0	0	0	1	1	0	1	0	0	0	1	0	1	1	1	0	0	1	0	0	0	0	0	0	0	0	1	1	0	0	0	0	0	0	0	0	0	0	0	0	0	0	0	10
389051	0	2	0	0	0	0	0	0	0	1	1	1	0	0	0	0	0	0	0	0	0	0	0	0	0	0	0	0	1	0	1	0	1	2	0	0	0	0	0	1	0	0	0	1	12
389003	0	1	0	0	0	0	0	0	0	1	1	1	1	0	0	0	1	1	2	1	0	0	0	0	0	0	1	0	1	0	3	1	1	2	1	1	0	0	0	0	0	0	0	1	22
389016	0	0	1	0	0	0	0	0	0	2	0	1	0	0	0	1	0	1	1	0	0	0	0	0	0	0	0	0	1	1	0	0	0	0	0	0	0	1	0	0	0	2	0	0	12
389042	1	0	0	0	0	0	0	0	0	1	0	1	0	0	0	0	1	0	0	1	0	1	1	0	0	1	0	0	1	0	0	0	0	0	0	0	1	0	1	0	1	0	0	0	12
389001	0	1	3	0	0	0	0	0	2	1	0	0	0	0	0	1	0	1	1	0	0	0	1	0	1	1	0	0	4	1	0	1	0	1	1	0	1	0	3	3	1	0	0	0	29
388996	0	0	0	1	2	1	0	1	0	2	1	2	1	1	1	1	0	0	0	0	0	0	0	0	0	1	0	1	0	0	0	0	0	0	0	0	1	0	2	1	1	1	0	0	22
389045	1	1	0	0	2	1	0	1	1	0	0	2	0	1	1	1	1	0	0	0	0	1	1	0	0	0	0	1	1	1	0	1	1	1	1	1	1	0	0	0	0	0	0	1	25
389056	1	0	1	0	0	0	0	0	0	0	0	1	1	0	0	1	1	1	1	1	0	0	1	0	0	0	1	0	2	1	2	0	0	0	0	0	0	0	0	0	0	1	0	0	17
388992	0	1	0	0	0	0	0	0	1	0	1	1	0	0	0	1	1	1	2	1	0	0	1	0	0	0	0	0	2	1	0	2	1	1	1	2	0	0	0	0	0	0	0	2	23
389021	0	1	1	0	1	1	0	1	0	0	0	0	1	1	1	3	0	0	0	0	0	0	0	0	0	1	1	1	0	1	1	1	0	0	0	0	1	0	2	3	1	0	0	0	24
389063	1	1	1	0	2	1	0	1	2	0	1	0	0	1	1	3	1	1	1	1	0	1	1	0	1	0	0	1	1	1	0	0	0	0	0	0	0	1	0	0	0	0	0	0	26
389040	0	0	0	0	2	0	0	0	0	1	0	0	0	0	0	1	0	0	0	0	0	0	0	0	1	1	0	0	0	1	0	1	1	1	1	1	0	0	0	0	0	0	0	0	12
388994	0	0	0	0	0	0	0	0	1	0	0	0	0	0	0	1	0	1	0	0	0	0	0	0	0	0	0	0	0	0	0	1	0	0	0	0	1	1	2	1	1	0	0	0	10
389054	0	0	1	1	1	0	0	0	0	1	0	0	0	0	0	0	0	0	0	0	0	0	0	0	0	0	0	0	0	2	0	0	0	0	0	0	0	1	0	0	0	0	0	0	7
389036	0	0	0	0	2	1	0	1	0	0	0	0	1	1	1	3	1	1	1	1	0	0	0	0	0	1	1	1	0	0	1	1	0	0	0	1	0	1	0	0	0	0	0	0	21
389012	0	0	0	0	0	1	0	0	0	0	0	0	0	0	0	2	0	0	0	0	0	0	0	0	0	1	0	0	1	0	0	0	0	0	1	0	1	1	1	0	1	0	0	0	10
389017	0	1	0	0	1	0	0	0	0	0	0	0	0	0	0	0	0	0	0	0	0	0	0	0	1	0	0	0	1	0	0	1	0	0	0	1	1	0	1	0	1	1	0	1	11
388999	0	0	0	0	0	0	0	0	1	0	0	0	1	0	0	0	1	1	0	0	0	0	0	0	2	0	0	0	0	1	0	0	0	0	0	0	0	0	0	0	0	0	0	0	7
389009	0	1	1	0	0	0	0	0	0	1	0	0	0	0	0	0	0	0	0	0	0	0	0	0	0	0	0	0	0	1	0	2	0	0	1	2	0	1	0	0	0	0	0	0	10
389014	0	1	0	0	0	0	0	0	0	0	0	0	0	0	0	1	1	1	1	1	0	2	1	0	0	0	0	0	0	0	0	2	1	1	1	2	1	1	1	0	1	0	0	1	21
389055	0	0	0	0	0	0	0	0	1	1	0	0	0	0	0	0	0	0	0	0	0	0	0	0	0	0	0	0	3	0	0	1	0	0	1	0	1	0	1	3	1	0	0	1	14
389057	0	0	0	0	0	0	0	0	0	0	0	0	1	0	0	0	0	0	0	0	0	0	0	0	1	0	0	0	0	0	0	0	0	1	0	0	0	0	0	0	0	0	0	0	3
389046	0	0	0	0	1	1	0	1	1	0	0	0	1	1	1	1	0	0	0	0	0	0	0	0	0	0	0	1	0	0	0	0	0	0	0	0	1	0	2	1	1	0	0	0	14
389044	0	0	0	0	0	0	0	0	0	0	0	0	0	0	0	0	0	0	0	0	0	0	0	0	0	0	0	0	0	0	0	0	0	0	0	0	0	0	0	0	0	0	0	0	0
389033	0	0	0	0	0	0	0	0	0	0	0	0	0	0	0	0	0	0	0	0	0	0	0	0	0	0	0	0	0	0	0	0	0	0	0	0	0	0	0	0	0	0	0	0	0
389002	0	0	0	1	2	0	0	0	0	1	0	0	0	0	1	1	0	0	0	0	0	0	0	0	0	0	0	0	0	1	0	1	1	1	1	1	0	0	0	0	0	0	0	0	12
389029	0	0	0	0	0	1	0	0	0	1	0	0	0	0	1	0	0	0	0	0	0	0	0	0	0	0	0	1	0	0	1	0	0	0	0	0	0	0	0	0	0	0	0	0	5
389065	0	0	0	0	0	0	0	0	0	0	0	0	0	0	0	0	0	0	0	0	0	0	0	0	0	0	0	0	0	0	0	0	0	0	0	0	0	1	0	0	0	0	0	0	1
388824	1	1	1	0	1	1	0	0	0	2	3	0	1	0	1	4	1	0	1	0	1	1	1	1	1	1	0	1	2	2	1	2	3	2	1	2	1	1	2	2	1	1	1	3	52
388224	0	0	1	0	0	1	0	0	0	0	0	0	0	0	0	0	0	0	0	0	0	0	0	0	0	1	0	0	0	0	0	0	0	0	0	0	0	0	0	0	0	0	0	0	3
388472	0	0	0	1	2	1	0	0	0	0	0	0	1	0	0	5	0	0	0	0	0	0	0	0	1	1	0	1	3	1	1	0	1	1	0	0	0	1	0	0	0	0	0	0	21
388335	0	1	2	1	2	2	0	0	0	1	1	0	1	1	1	2	0	0	1	0	0	0	0	0	1	1	0	1	1	2	1	2	1	2	1	1	1	1	2	2	1	0	0	0	37
388254	0	0	0	0	1	1	0	0	3	0	0	0	1	1	0	1	0	0	0	0	0	0	0	0	1	1	0	1	3	0	0	2	1	1	1	1	1	1	2	2	1	0	0	0	27
388891	0	1	1	0	2	0	0	0	1	1	1	1	1	1	1	2	0	0	1	0	0	0	0	0	1	1	2	1	3	2	2	1	3	1	1	2	1	0	1	2	1	0	0	0	39
388671	0	1	0	0	3	1	0	0	1	1	1	0	1	1	1	2	0	0	1	0	0	0	0	1	1	1	1	1	4	3	2	2	3	1	1	2	1	1	1	2	1	0	0	0	43
388625	0	0	0	0	1	1	0	0	0	0	1	1	1	0	1	3	0	0	1	0	0	0	0	0	0	1	0	1	2	2	2	2	0	0	1	1	1	1	0	0	0	0	0	0	24
388293	0	0	2	4	4	0	0	0	3	1	1	0	0	0	0	4	0	0	2	0	0	0	0	0	1	1	1	0	4	5	1	1	0	0	0	1	0	2	0	0	0	1	0	0	39
388298	1	1	1	0	2	1	0	0	2	0	1	0	1	1	1	3	1	1	2	1	0	1	1	0	1	1	0	1	1	2	0	2	1	1	1	1	1	1	2	1	1	0	0	0	40
388431	0	1	0	0	2	1	0	0	0	1	0	0	0	0	0	3	0	0	0	0	1	0	0	1	1	1	0	1	6	3	1	1	3	2	0	2	0	1	0	0	0	0	0	0	32
390281	0	1	2	2	3	1	0	0	0	3	1	0	0	0	1	6	0	0	2	0	0	0	1	1	1	2	0	1	1	4	0	2	1	1	1	1	1	1	2	2	1	1	1	2	50
388498	1	1	1	2	1	1	1	0	0	2	1	0	0	0	1	6	1	1	1	1	0	2	2	1	1	1	1	1	7	4	1	3	3	1	1	2	1	1	1	3	1	1	1	1	63
388387	0	0	0	0	0	0	0	0	0	2	0	0	0	0	0	0	0	0	0	0	0	0	0	1	0	1	0	0	1	0	0	0	0	0	0	0	0	0	0	0	0	0	0	1	6
388881	0	1	1	0	2	1	0	0	0	0	0	1	1	0	0	0	1	1	1	0	1	0	1	0	0	1	0	1	2	1	0	1	0	0	1	1	1	2	2	2	1	0	0	0	28
390181	0	1	1	1	3	1	0	0	2	1	1	0	1	0	1	8	0	0	1	0	0	0	0	1	1	1	1	1	4	3	2	2	1	1	1	2	0	1	0	0	0	1	0	0	45
390175	0	1	1	1	2	1	0	1	0	0	1	1	1	1	1	2	0	0	1	0	0	0	1	0	1	1	1	1	4	1	1	2	2	1	1	2	1	1	2	2	1	0	0	1	42
390337	2	1	1	2	2	1	1	1	0	1	0	1	1	1	1	2	1	1	2	0	0	2	1	0	1	1	1	1	4	1	1	3	2	1	1	2	1	1	2	2	1	0	0	0	51
388870	1	1	0	2	1	1	2	1	0	1	0	1	1	1	1	3	1	1	2	0	0	0	1	0	0	2	1	1	5	1	1	2	2	1	1	3	1	1	2	2	1	0	0	0	49
388200	1	1	1	0	2	1	0	1	1	1	1	1	1	1	1	4	0	1	2	1	0	1	1	0	1	1	1	1	5	3	1	3	2	1	1	4	2	1	2	2	1	2	1	2	61
388469	1	1	2	0	2	1	0	1	0	1	1	1	0	1	1	3	0	1	2	0	0	1	1	0	1	1	1	1	4	4	1	3	2	1	1	4	1	1	2	3	1	1	1	1	56
390310	1	1	1	1	2	1	0	1	0	0	0	1	1	1	1	2	1	1	2	0	0	1	1	0	1	1	1	1	4	1	1	3	1	1	1	2	1	1	2	2	1	0	0	0	45
390254	0	0	0	0	0	0	0	0	0	0	0	0	0	0	0	0	0	0	0	0	0	0	0	1	0	1	0	0	0	0	0	0	0	0	0	0	0	0	0	0	0	0	0	0	2
388697	0	0	0	0	0	0	0	0	0	0	0	0	0	0	0	0	0	0	0	0	0	0	0	1	0	1	0	0	0	0	0	0	0	0	0	0	0	0	0	0	0	0	0	0	2
388399	1	1	1	1	2	1	0	0	0	1	2	0	0	1	1	4	1	1	1	0	0	1	1	0	1	1	0	1	3	2	0	2	1	1	1	3	1	1	2	2	1	1	1	1	47
388204	1	1	1	1	2	1	0	0	0	1	1	0	0	1	1	3	1	1	1	0	0	1	1	0	1	1	0	1	4	3	0	2	2	1	0	3	2	1	1	4	0	1	1	1	48
388389	1	1	1	1	2	1	0	0	0	1	2	0	0	0	1	4	1	1	1	0	0	1	1	0	1	1	0	1	2	2	0	2	2	1	1	3	1	2	2	2	1	1	1	1	47
390232	1	1	1	0	2	1	0	0	0	1	1	0	0	1	1	4	1	1	1	0	0	1	1	0	1	1	0	1	2	2	0	2	1	1	1	3	1	1	2	2	1	1	1	1	44
390335	1	1	1	1	2	1	0	0	0	1	2	0	0	1	1	4	1	1	1	0	0	1	1	0	1	1	0	1	4	2	0	2	2	1	1	3	1	1	2	2	1	1	1	1	49
390222	1	1	1	1	2	1	0	0	0	1	2	0	0	0	1	5	1	1	1	0	0	1	1	0	1	1	0	1	3	2	0	2	2	1	1	3	1	1	2	2	1	1	1	1	48
390201	1	1	1	1	2	1	0	0	0	1	2	0	0	1	1	4	1	1	1	0	0	1	1	0	1	1	0	1	4	2	0	2	2	1	1	3	1	1	1	2	1	1	1	1	48
388260	0	1	1	1	1	0	0	0	0	1	2	0	0	1	1	3	0	0	0	0	0	0	0	0	1	1	0	1	0	2	0	2	2	1	2	3	1	1	2	2	1	1	1	1	37
390170	1	1	1	1	2	1	0	0	0	1	2	0	0	1	1	5	1	1	1	0	0	1	1	0	1	1	0	1	3	2	0	2	1	1	1	3	1	1	2	2	1	1	1	1	48
388890	1	1	1	0	2	1	0	0	0	0	2	0	0	1	1	1	1	1	1	0	0	1	1	0	1	0	0	1	2	0	0	2	0	1	1	3	1	0	1	0	1	0	1	1	32
390274	1	1	1	2	2	1	0	0	1	1	2	0	0	1	1	5	1	1	1	0	0	1	1	0	1	1	1	1	2	2	0	2	2	1	1	3	1	1	2	2	1	1	1	1	51
390246	1	1	1	1	2	1	0	0	0	1	2	0	0	1	1	6	1	1	1	0	0	1	1	0	1	1	1	1	2	2	0	2	2	1	1	3	1	1	2	2	1	1	1	1	50
390196	1	1	1	1	1	1	0	0	0	1	1	0	0	1	1	4	1	1	1	0	0	1	1	0	1	1	0	1	2	2	0	2	1	1	1	3	1	1	2	2	1	1	1	1	44
388855	0	0	0	0	4	0	0	0	0	0	2	0	0	0	0	5	0	0	0	0	0	0	0	0	2	0	0	0	3	3	3	1	1	1	0	1	0	0	0	2	0	0	0	1	29
388848	0	0	0	0	4	0	0	0	2	1	3	0	0	0	0	6	0	0	1	0	0	0	0	0	1	0	0	0	6	4	2	1	1	1	0	1	0	0	0	2	0	2	2	1	41
388921	0	0	1	0	4	0	0	0	3	2	2	0	0	0	0	7	0	0	1	0	0	0	0	0	1	0	0	0	3	4	3	1	1	2	0	1	0	0	0	2	0	4	1	1	44
390296	1	1	1	0	1	1	0	0	0	1	2	0	0	1	1	4	1	1	1	0	0	1	1	0	1	1	0	1	2	2	0	2	1	1	1	3	1	0	1	2	1	1	1	1	42
388489	0	0	2	1	1	0	0	0	0	1	0	0	0	0	0	3	0	0	1	0	0	0	0	0	1	1	1	0	4	0	2	1	0	0	0	1	0	1	0	0	0	1	1	1	24
388453	0	0	1	1	1	0	0	0	0	0	0	0	0	0	0	3	0	0	0	0	0	0	0	0	1	1	1	0	3	0	2	0	0	0	0	1	0	1	0	0	0	1	1	1	19
388332	0	0	1	1	1	0	0	0	0	1	0	0	0	0	0	2	0	0	1	0	0	0	0	0	0	0	1	0	2	0	1	1	0	0	0	0	0	0	0	0	0	0	0	0	12
388496	0	0	0	1	0	0	0	0	0	0	0	0	0	0	0	2	0	0	0	0	0	0	0	0	0	0	0	0	3	0	1	0	0	0	0	0	0	0	0	0	0	1	0	0	8
388884	0	0	1	1	0	0	0	0	0	1	0	0	0	0	0	2	0	0	0	0	0	0	0	0	0	0	1	0	3	0	2	1	0	0	0	1	0	0	0	0	0	1	1	1	16
388304	0	0	2	0	1	0	0	0	0	1	0	0	0	0	0	2	0	0	1	0	0	0	0	0	1	1	1	0	4	0	2	1	0	0	0	1	0	1	0	0	0	1	1	1	22
389000	0	1	0	0	1	2	0	0	4	5	1	0	0	1	1	2	0	0	1	1	0	0	0	1	3	2	1	1	3	0	1	3	1	2	0	2	1	1	2	3	1	0	0	1	49
389020	1	0	0	0	1	0	0	0	1	1	0	0	0	0	0	1	1	0	1	1	1	1	1	0	1	1	0	0	2	1	0	0	2	0	2	0	0	0	0	2	0	0	0	0	22
388989	1	0	0	0	2	0	0	0	0	2	1	1	0	0	0	0	0	2	1	1	0	1	0	0	0	0	0	0	0	2	0	0	2	1	1	2	0	0	0	0	0	0	0	2	22
389004	0	1	0	0	0	2	0	0	0	1	0	0	0	0	0	1	1	1	1	1	0	0	1	0	0	1	0	1	1	1	1	1	0	0	0	1	0	0	0	0	0	0	1	1	19
389050	0	1	0	1	1	0	0	0	2	1	1	0	1	0	1	8	0	0	1	0	1	0	0	1	1	0	1	0	2	1	1	1	5	0	0	0	0	0	0	0	0	0	0	0	32
388986	1	1	1	2	2	1	0	0	2	1	1	0	1	1	1	1	1	1	2	1	0	1	1	0	1	1	1	1	3	2	0	2	1	0	1	2	1	1	1	2	1	0	1	1	46
388997	0	0	2	1	1	0	0	0	0	1	0	0	0	0	0	3	0	0	1	0	0	0	0	0	1	1	1	0	4	0	2	1	0	0	0	1	0	1	0	0	0	1	1	1	24
389022	0	1	0	0	0	1	0	0	0	1	1	0	0	0	0	0	0	0	0	0	1	1	1	0	1	1	0	1	0	0	0	1	2	1	0	0	1	0	0	0	0	1	1	2	19
389060	1	1	1	0	1	0	0	0	0	0	0	0	0	0	0	1	1	1	2	0	1	1	1	0	0	0	0	1	1	0	0	1	0	1	0	0	0	0	0	0	0	1	1	1	19
389005	1	0	0	0	0	1	0	0	0	0	0	0	0	0	1	2	1	1	1	0	0	1	1	0	1	0	1	1	1	1	1	1	0	0	1	0	0	0	0	0	0	0	0	0	18
389011	0	0	0	0	1	1	0	0	0	0	0	0	0	0	0	2	0	0	0	0	0	0	0	0	0	0	1	1	2	0	0	1	0	0	0	1	0	1	2	2	0	0	0	1	16
389025	0	0	2	1	1	0	0	0	0	0	1	0	0	0	0	0	0	1	2	0	0	0	0	0	0	0	0	1	3	0	0	0	0	1	0	0	0	0	0	0	0	1	0	0	14
389026	0	1	1	0	1	0	0	0	0	0	1	0	0	0	0	1	0	0	1	0	1	0	0	1	0	0	1	0	3	1	1	1	2	1	1	0	1	0	2	2	0	1	0	1	26
388897	0	0	1	1	4	0	0	0	2	1	0	0	0	0	0	2	0	0	1	0	0	0	0	1	1	1	0	0	3	2	0	0	0	0	0	0	0	1	0	0	0	0	0	0	21
390285	0	0	1	2	4	0	0	0	1	1	1	0	0	0	0	3	0	0	1	0	0	0	0	1	1	1	0	0	3	2	0	0	0	0	0	0	0	1	0	0	0	0	0	0	23
390199	0	0	1	1	4	0	0	0	2	1	0	0	0	0	0	2	0	0	1	0	0	0	0	1	1	1	0	0	3	2	0	0	0	0	0	0	0	1	0	0	0	0	0	0	21
388296	0	0	1	2	4	0	0	0	1	1	1	0	2	0	0	3	0	0	0	0	0	0	0	1	0	1	0	0	3	2	0	0	0	0	0	0	0	1	0	0	0	0	0	0	23
390161	0	0	1	2	4	0	0	0	2	1	1	0	1	0	0	4	0	0	1	0	0	0	0	1	1	1	0	0	3	2	0	0	0	0	0	0	0	1	0	0	0	0	0	0	26
388411	1	1	1	0	2	1	0	1	0	0	1	0	0	1	1	2	1	1	2	1	0	1	1	1	1	1	1	1	4	2	1	3	1	1	1	2	0	1	2	1	1	0	0	0	44
388368	1	0	0	0	2	1	0	1	2	1	1	0	0	0	1	1	1	1	0	0	0	2	1	0	1	1	1	1	2	0	1	2	1	1	0	2	1	1	2	2	1	0	0	0	36
388202	0	0	1	0	0	0	0	0	0	0	0	0	0	0	0	0	0	0	0	0	0	0	0	0	0	0	0	0	0	0	0	0	0	0	0	0	0	0	0	0	0	0	0	0	1
388913	0	0	1	2	2	1	0	0	3	1	2	0	1	0	0	1	0	0	0	0	0	0	0	0	0	1	0	1	3	1	0	1	0	0	0	1	0	0	0	1	0	0	0	0	23
388749	0	0	1	1	0	0	0	0	0	1	0	0	0	0	0	2	0	0	0	0	0	0	0	0	1	1	0	0	0	0	0	0	0	0	0	0	0	0	0	0	0	0	0	0	7
389048	0	0	0	0	0	0	0	0	1	1	0	0	0	0	0	2	0	0	0	0	0	0	0	1	0	1	0	0	1	1	0	0	0	0	0	0	0	1	0	0	0	0	1	0	10
389038	0	0	0	1	0	0	0	0	0	0	0	0	0	0	0	2	0	1	0	0	0	0	0	0	0	1	0	0	1	1	0	0	0	0	0	0	0	1	0	0	0	0	0	1	9
390228	1	1	1	0	1	1	0	1	0	1	1	0	0	1	1	3	1	1	2	0	0	1	1	1	1	1	1	1	4	2	1	2	1	1	1	2	1	2	2	2	1	1	0	1	48
390270	1	1	2	2	2	1	0	0	0	1	2	0	1	0	1	5	1	0	1	0	1	1	1	1	1	1	1	1	1	3	0	2	3	1	1	3	1	1	2	2	1	1	1	2	54
388375	1	1	2	2	2	1	0	0	0	1	1	0	2	0	1	6	1	0	1	0	1	1	1	1	1	2	0	1	2	4	0	3	2	1	2	2	1	1	2	3	1	1	2	2	59
390214	0	0	1	0	3	0	0	0	1	1	1	0	0	0	0	4	0	0	0	0	0	0	0	1	1	1	1	0	2	0	1	0	0	0	0	0	0	0	0	0	0	0	0	0	18
390229	1	1	1	0	2	1	0	1	0	1	1	0	0	1	1	2	0	1	2	0	0	1	1	0	1	1	1	1	4	2	1	2	2	1	1	2	1	2	2	2	1	1	0	1	47
390240	1	1	1	0	2	1	0	1	0	1	1	0	0	1	1	3	1	1	2	0	0	1	1	0	1	1	1	1	4	2	1	2	3	1	1	2	1	2	2	2	1	1	0	1	50
388222	0	2	0	0	0	1	0	1	2	1	1	0	0	1	1	1	1	0	0	0	0	1	1	0	1	1	1	1	1	0	1	1	0	0	0	0	0	2	0	0	0	0	0	0	23
388393	0	2	1	1	1	1	0	1	1	0	0	1	0	1	1	4	2	2	3	1	0	1	1	0	1	1	0	1	0	2	0	4	1	1	1	1	1	1	0	0	0	0	0	0	40
388543	0	2	2	2	3	1	0	1	1	2	1	1	1	1	1	6	0	0	1	0	0	1	0	0	1	1	1	1	2	2	1	2	1	1	1	2	0	1	0	0	0	0	0	0	44
388295	0	2	1	1	2	1	0	0	1	1	1	0	0	0	1	5	0	0	1	0	0	0	0	0	1	1	1	1	0	3	2	2	1	1	1	2	1	1	2	2	1	0	0	0	40
388507	2	1	1	3	1	1	1	0	0	3	1	0	0	0	1	9	1	1	2	1	0	3	2	1	1	1	2	1	7	4	3	2	4	1	1	2	1	1	1	3	1	2	1	3	77
388830	2	1	2	2	1	1	1	0	0	4	1	1	1	0	1	10	1	1	2	1	0	3	2	1	1	1	2	1	6	4	3	2	4	1	1	2	1	1	1	3	1	2	1	2	79
388834	2	1	2	2	1	1	1	0	0	4	1	1	1	0	1	10	1	1	2	1	0	3	2	1	1	1	2	1	6	4	3	2	4	1	1	2	1	1	1	3	1	2	1	2	79
388456	2	1	1	2	2	1	1	0	0	3	2	1	1	0	1	11	1	1	2	1	0	2	1	1	1	1	2	1	6	4	3	3	2	1	1	2	1	1	1	3	1	1	1	2	76
390693	1	1	1	3	1	1	1	0	0	2	1	0	0	0	1	7	1	1	2	1	0	2	2	1	1	1	1	1	6	4	3	4	4	2	1	2	1	1	1	3	1	1	1	1	70
388586	1	1	1	2	1	1	1	0	0	3	1	0	0	0	1	9	1	1	2	1	0	2	2	1	1	0	1	1	6	4	4	4	4	2	1	2	1	1	1	3	1	1	1	1	72
388712	1	1	1	3	1	1	1	0	0	3	1	0	0	0	1	9	1	1	2	1	0	2	2	1	1	1	1	1	6	4	4	4	4	2	1	2	1	1	1	3	1	1	1	1	74
388253	2	1	3	3	1	1	1	0	0	2	1	0	0	0	1	9	1	1	2	1	0	3	2	1	1	1	1	1	6	7	5	4	5	2	1	2	1	1	1	2	1	1	1	1	81
390686	2	1	1	1	1	1	1	0	0	2	2	1	1	0	1	3	1	1	2	1	0	3	1	1	1	1	1	1	6	2	1	2	2	1	1	2	1	1	2	3	1	1	1	2	61
390675	2	1	1	1	1	1	1	0	0	2	2	1	1	0	1	3	1	1	2	1	0	3	1	1	1	1	1	1	6	2	1	2	2	1	1	2	1	1	2	3	1	1	1	2	61
388811	2	1	1	2	1	1	2	0	1	2	1	1	1	0	1	3	1	1	2	1	0	3	2	1	1	1	1	1	4	3	1	2	1	1	1	2	1	1	1	3	1	1	1	2	61
388369	1	1	1	2	1	1	1	0	0	3	1	1	0	0	1	7	1	1	1	1	0	2	2	1	1	1	1	1	4	3	2	1	3	1	0	2	1	1	1	2	1	1	1	1	59
388523	1	1	1	1	1	1	1	0	0	2	1	1	0	0	1	6	1	1	1	0	0	1	2	1	1	1	0	0	4	0	2	1	3	1	1	2	1	1	1	2	1	1	1	1	50
389047	1	1	1	2	2	1	1	0	0	3	3	0	0	0	1	11	1	1	2	1	0	2	2	1	1	1	1	1	7	4	4	2	3	1	1	2	1	1	1	2	1	1	1	1	74
388595	3	1	1	2	1	1	1	0	0	4	2	0	0	1	1	4	1	1	1	1	0	4	2	1	1	1	1	1	5	4	2	2	3	1	1	2	1	1	1	2	1	1	1	1	66
388236	3	1	1	2	1	1	1	0	0	4	1	0	0	1	1	3	1	1	1	1	0	4	2	1	1	1	1	1	5	4	2	2	3	1	1	2	1	1	0	2	1	1	1	1	63
388886	3	1	1	2	1	1	1	0	0	3	1	0	0	1	1	3	1	1	1	1	0	4	2	1	1	1	1	1	5	4	2	2	3	1	1	2	1	1	1	2	1	1	1	1	63
390685	2	1	1	2	1	1	1	0	0	2	1	0	0	1	1	3	1	1	1	1	0	3	2	1	1	1	1	1	4	3	2	2	2	1	1	2	1	1	1	2	1	1	1	1	57
390695	2	1	1	2	1	1	1	0	0	1	1	0	0	1	1	3	1	1	1	1	0	3	2	1	1	1	1	1	4	3	2	2	2	1	1	2	1	1	1	2	1	1	1	1	56
388310	3	1	1	2	1	1	1	0	0	4	1	0	0	0	1	3	1	1	1	1	0	4	2	1	1	1	1	1	5	3	2	3	3	1	1	2	1	1	1	2	1	1	1	1	63
390659	2	1	1	2	1	1	1	0	0	2	1	0	0	1	1	3	1	1	1	1	0	3	2	1	1	1	1	1	4	3	2	2	2	1	1	2	1	1	1	2	1	1	1	1	57
388667	2	1	1	2	0	0	1	0	0	5	1	0	0	0	1	2	1	1	1	0	0	1	2	1	0	1	1	1	5	1	1	0	1	1	2	2	1	0	1	2	1	1	1	1	47
388250	3	1	1	2	1	1	1	0	0	3	1	0	0	1	1	3	1	1	1	1	0	4	2	1	1	1	1	1	5	4	2	2	3	1	1	2	1	1	1	2	1	1	1	1	63
390658	2	1	1	2	1	1	1	0	0	2	2	0	0	1	1	4	1	1	1	1	0	3	2	1	1	1	1	1	5	3	2	2	3	1	1	2	1	1	1	2	1	1	1	1	61
388755	3	1	1	3	1	1	1	0	0	4	2	0	0	1	1	4	1	1	1	1	0	4	2	1	1	1	1	1	5	4	1	2	3	1	1	2	1	1	1	2	1	1	1	1	66
388483	3	1	1	2	1	1	1	0	0	4	2	0	0	1	1	4	1	1	1	1	0	4	2	1	1	1	1	1	5	4	2	2	3	1	1	2	1	1	1	2	1	1	1	1	66
388433	3	1	1	2	1	1	1	0	0	4	2	0	0	1	1	4	1	1	1	1	0	4	2	1	1	1	1	1	5	4	2	2	3	1	1	2	1	1	1	2	1	1	1	1	66
388810	3	1	1	2	1	1	1	0	0	4	2	0	0	0	1	4	1	1	1	1	0	4	2	1	1	1	1	1	5	4	2	2	3	1	1	2	1	1	1	2	1	1	1	1	65
388837	3	1	1	2	1	1	1	0	0	4	1	0	0	1	1	3	1	1	1	1	0	4	2	1	1	1	1	1	5	4	2	2	3	1	1	2	1	1	1	3	1	1	1	1	65
388482	2	1	1	2	1	1	1	0	0	5	1	0	0	0	1	5	1	1	1	1	0	3	2	1	1	1	2	1	6	4	2	2	3	2	1	2	1	1	1	3	1	1	1	1	68
388404	2	1	1	1	2	1	1	0	0	1	1	0	0	0	1	2	1	1	2	1	0	3	1	0	1	0	1	1	2	2	2	1	2	1	1	2	1	0	1	3	1	1	1	0	47
390667	1	1	1	4	2	1	1	0	0	2	1	1	1	0	1	3	1	1	1	1	0	2	2	1	1	1	1	1	6	3	2	2	1	1	1	2	1	1	1	3	1	1	1	1	61
390708	2	1	1	2	0	1	0	0	0	3	1	0	0	0	0	2	1	1	1	1	0	3	2	1	1	1	0	1	3	3	1	1	0	0	0	1	1	1	1	3	1	1	1	1	45
390715	2	1	1	2	0	1	0	0	0	3	1	0	0	0	0	2	1	1	1	1	0	3	2	1	1	1	0	1	3	3	1	1	0	0	0	1	1	1	1	3	1	1	1	1	45
388210	2	1	1	3	2	1	1	0	0	4	1	1	1	0	1	3	1	1	1	1	0	3	2	1	1	1	1	1	5	3	2	3	1	1	1	2	1	1	1	3	1	1	1	1	64
390679	2	1	1	2	2	1	1	0	0	2	1	0	0	0	1	6	1	1	1	1	0	3	2	1	1	1	1	1	5	3	2	2	2	1	1	3	2	1	1	3	1	1	1	2	65
388790	2	1	1	1	1	1	1	0	0	1	2	1	1	0	1	2	1	1	2	1	0	3	2	1	1	1	1	1	4	6	3	2	1	1	1	2	1	1	2	3	1	1	1	1	62
388441	2	1	1	3	1	1	1	0	0	2	2	0	0	0	1	4	1	1	2	1	0	3	1	1	1	1	1	1	6	4	2	2	4	1	1	2	1	1	1	2	1	1	1	1	64
388651	2	1	1	3	1	1	1	0	0	2	2	0	0	0	1	4	1	1	2	1	0	3	1	1	1	1	1	1	6	4	2	2	4	1	1	2	1	1	1	2	1	1	1	1	64
388268	2	0	1	3	1	1	1	0	0	3	2	0	0	0	1	5	1	1	2	1	0	2	1	1	1	1	1	1	5	3	1	2	3	1	1	2	0	0	1	3	1	1	1	0	58
388520	2	1	1	2	1	1	1	0	0	3	2	0	0	0	1	6	1	1	2	1	0	3	2	1	1	2	2	1	5	3	3	2	5	1	1	4	1	1	1	2	1	1	1	1	71
388551	2	1	2	1	1	1	1	0	0	3	1	0	0	0	1	6	1	1	1	1	0	2	0	1	1	1	1	0	4	3	3	2	4	1	1	3	1	1	1	3	1	1	1	1	61
388744	2	1	2	1	1	1	1	0	0	4	1	0	0	0	1	6	1	1	1	1	0	3	1	1	1	1	1	1	4	3	3	2	4	1	1	3	2	1	1	3	1	1	1	1	66
388242	2	1	1	2	1	1	1	0	0	3	1	0	0	0	1	4	1	1	2	1	0	3	2	1	2	1	1	1	5	3	3	2	7	1	0	2	1	1	1	3	1	1	1	1	67
388892	2	1	1	2	2	1	1	0	0	4	1	0	0	0	1	3	1	1	2	1	0	3	2	2	1	1	1	1	6	4	2	2	6	1	1	2	1	1	1	3	1	1	1	1	69
388637	2	1	1	2	1	1	1	0	0	4	1	0	0	0	1	6	1	1	2	1	0	3	2	1	1	1	1	1	6	3	2	4	4	2	1	4	1	1	1	3	1	2	1	1	73
388783	1	1	1	1	1	1	1	0	0	2	1	0	0	0	1	8	1	1	2	1	0	2	2	1	1	1	2	1	6	4	2	3	7	1	1	3	1	1	1	3	1	1	1	1	71
388675	2	1	1	1	1	1	1	0	0	2	1	0	0	0	1	4	1	1	2	1	0	3	2	1	1	1	1	1	5	3	2	3	7	1	1	2	1	1	1	3	1	1	1	1	65
388869	2	0	1	1	1	1	1	0	0	1	1	0	0	0	1	0	1	1	1	1	0	3	2	1	1	1	1	1	4	2	1	2	1	1	1	1	1	1	2	3	1	1	1	2	49
388655	2	1	1	1	0	1	0	0	0	0	1	1	1	0	1	2	1	0	1	1	0	1	1	1	1	1	1	1	2	1	0	2	1	1	0	0	0	1	1	1	1	1	0	0	34
388552	2	0	1	1	1	0	0	0	0	0	0	0	0	0	0	4	0	0	0	1	0	2	2	1	1	1	0	0	2	1	0	1	1	1	1	1	0	0	0	0	0	0	0	0	25
388665	1	0	1	1	1	1	0	0	0	1	1	1	1	0	1	3	0	0	0	0	0	2	0	0	0	1	1	1	2	3	1	0	1	1	1	1	1	1	1	1	1	1	1	0	35
388243	2	1	2	2	1	1	1	0	0	3	1	1	1	0	1	8	1	1	1	1	0	3	2	1	1	1	1	1	4	3	1	2	2	1	1	3	1	1	2	3	1	1	1	1	67
388661	2	1	2	2	1	1	1	0	0	3	1	1	1	0	1	8	1	1	1	1	0	3	2	1	1	1	1	1	4	3	1	3	2	1	1	3	1	1	2	3	1	1	1	1	68
388495	2	1	2	2	1	1	1	0	0	4	1	1	1	0	1	10	1	1	1	1	0	3	2	1	1	1	1	1	5	4	3	3	1	1	1	3	2	1	2	3	1	2	1	1	76
388241	2	1	1	2	2	1	1	0	0	3	2	0	0	0	1	4	1	1	2	1	0	3	2	1	1	1	1	1	4	4	1	2	3	1	1	2	1	1	2	3	1	1	1	2	65
390674	2	1	1	2	1	1	1	0	0	2	1	1	1	0	1	4	1	1	1	1	0	3	2	1	1	1	1	1	3	3	1	2	1	1	1	2	1	1	2	3	1	1	1	1	58
388530	2	1	2	2	1	1	1	0	0	3	1	1	1	0	1	8	1	1	1	1	0	3	2	1	1	1	1	1	4	3	1	3	2	1	1	3	1	1	2	3	1	1	1	1	68
388444	2	1	1	2	2	1	1	0	0	3	2	0	0	0	1	4	1	1	2	1	0	3	2	1	1	1	1	1	5	4	1	2	2	0	1	2	1	1	1	3	1	1	1	2	63
388793	2	1	2	2	1	1	1	0	0	3	1	1	1	0	1	8	1	1	1	1	0	3	2	1	1	1	1	1	4	4	1	2	2	1	1	3	1	1	2	3	1	1	1	1	68
390701	2	1	1	2	1	1	1	0	0	3	3	0	0	0	1	4	1	1	1	1	0	3	2	1	1	1	1	1	3	3	1	3	1	1	1	2	1	1	2	3	1	1	1	1	60
390702	2	1	1	2	1	1	1	0	0	3	3	0	0	0	1	4	1	1	1	1	0	3	2	1	1	1	1	1	3	3	1	2	1	1	1	2	1	1	2	3	1	1	1	1	59
388656	2	1	1	3	1	1	1	0	0	4	3	0	0	0	1	5	1	1	2	1	0	3	2	1	1	1	1	1	4	3	1	2	2	1	1	2	1	1	2	3	1	1	1	2	66
388228	2	1	1	2	1	1	1	0	0	3	3	0	0	0	1	5	1	1	1	1	0	3	2	1	1	1	1	1	3	3	1	2	2	1	1	2	1	1	1	3	1	1	1	2	61
388676	2	1	2	2	1	1	1	0	0	3	1	1	1	0	1	8	1	1	1	1	0	3	2	1	1	1	1	1	4	3	1	2	3	1	1	3	1	1	2	3	1	1	1	1	68
388450	1	0	5	1	0	0	1	0	0	0	0	0	1	0	0	4	0	0	0	0	0	1	0	0	0	0	0	0	5	2	6	3	3	1	0	2	0	0	0	0	0	1	0	0	37
388199	2	1	2	2	1	1	1	0	0	3	1	1	1	0	1	8	1	1	1	1	0	3	2	1	1	1	1	1	4	3	2	2	2	1	1	3	1	1	2	3	1	1	1	1	68
388371	2	1	2	2	1	1	1	0	0	3	1	1	1	0	1	8	1	1	1	1	0	3	2	1	1	1	1	1	4	3	2	2	2	1	1	3	1	1	2	3	1	1	1	1	68
388232	2	1	2	2	1	1	1	0	0	3	1	1	1	0	1	8	1	1	1	1	0	3	2	1	1	1	1	1	4	3	2	2	2	1	1	3	1	1	2	3	1	1	1	1	68
388756	2	1	2	2	1	1	0	0	0	1	1	1	1	0	1	7	1	1	1	1	0	3	2	0	1	1	0	0	3	2	1	2	1	1	1	3	1	1	1	2	1	1	1	1	55
388541	2	1	2	2	1	1	1	0	0	2	1	1	1	0	1	5	1	1	1	1	0	3	2	1	1	1	1	1	4	4	1	3	2	1	1	3	1	1	2	3	1	2	1	1	66
388673	3	1	1	2	2	1	1	0	0	3	1	0	0	0	1	2	1	1	2	1	0	4	2	1	1	1	1	1	3	3	2	2	2	1	1	3	1	1	1	3	1	1	1	1	61
388911	2	1	2	2	1	1	1	0	0	3	1	1	1	0	1	6	1	1	1	1	0	3	2	1	1	1	1	1	4	5	1	3	2	1	1	3	1	1	2	3	1	1	1	1	68
388611	2	1	2	2	1	1	1	0	0	3	1	1	1	0	1	8	1	1	1	1	0	3	2	1	1	1	1	1	5	4	2	3	1	1	1	3	2	1	2	3	1	1	1	1	71
390664	2	1	1	2	1	1	1	0	0	2	1	1	1	0	1	4	1	1	1	1	0	3	2	1	1	1	1	1	3	3	2	2	1	1	1	2	1	1	2	3	1	1	1	1	59
388871	2	1	2	2	1	1	1	0	0	3	1	1	1	0	1	9	1	1	1	1	0	3	2	1	1	1	1	1	4	3	2	2	2	1	1	3	1	1	2	3	1	1	1	1	69
390676	2	1	1	2	1	1	1	0	0	2	1	0	0	0	1	3	1	1	1	1	0	3	2	1	1	1	1	1	3	3	2	2	1	1	1	2	1	1	1	2	1	1	1	1	54
388829	2	1	2	2	1	1	1	0	0	2	3	0	0	0	1	4	1	1	1	1	0	3	2	1	1	1	1	1	5	3	2	2	2	1	1	2	1	1	1	2	1	1	1	2	62
388796	2	1	3	2	1	1	1	0	0	3	1	0	0	0	1	6	1	1	1	1	0	3	2	1	1	1	1	1	5	3	1	3	3	1	1	3	0	1	1	3	1	1	1	1	65
388209	2	1	1	2	1	1	1	0	0	5	1	1	0	0	1	6	1	1	2	1	0	3	2	1	1	1	1	1	5	4	2	2	3	1	1	5	1	1	1	3	1	1	1	3	73
388477	2	1	1	2	1	2	0	0	0	2	1	0	0	1	1	4	1	1	1	1	0	3	1	0	1	1	1	1	4	4	2	2	3	1	1	3	1	1	2	2	1	1	1	1	60
388278	2	1	1	2	1	1	1	0	0	2	1	0	0	1	1	5	1	1	1	1	0	4	1	0	1	1	1	1	6	5	2	3	3	1	1	1	1	1	2	3	1	1	1	1	65
388828	2	1	1	3	1	1	0	0	0	2	1	0	0	0	1	4	1	1	1	1	0	3	1	0	1	1	1	1	5	5	2	2	3	1	1	2	1	1	2	3	1	1	1	1	61
388458	2	1	2	2	1	1	1	0	0	2	1	1	1	0	1	4	1	1	1	1	0	3	2	1	1	1	1	1	4	4	2	2	4	1	1	2	1	1	1	3	1	1	1	2	65
390666	2	1	2	2	1	1	1	0	0	2	1	0	0	0	1	3	1	1	2	1	0	3	2	1	1	1	1	1	4	4	2	2	2	1	1	2	1	1	1	3	1	1	1	1	60
388454	2	2	1	1	0	0	2	0	0	1	1	1	1	0	1	1	1	1	1	1	0	3	1	1	1	2	1	0	4	2	2	4	2	1	1	2	2	1	0	2	1	2	1	1	55
388474	2	1	0	1	0	1	1	0	0	1	1	1	0	0	1	4	1	1	1	1	0	3	3	1	1	1	1	1	3	2	1	1	1	1	1	2	1	1	2	3	1	1	0	1	51
388746	2	1	1	2	1	1	1	0	0	4	1	0	0	0	1	5	1	1	0	1	0	3	2	1	1	1	1	1	6	5	2	2	2	1	1	2	1	1	1	2	1	1	1	1	63
391679	2	1	1	2	1	1	0	0	0	2	1	0	0	1	1	10	1	1	1	1	0	3	1	1	1	1	1	1	6	6	2	3	3	1	1	2	1	1	1	4	1	1	1	1	71
388995	0	1	1	2	0	0	0	0	0	1	1	0	0	0	1	1	1	1	1	1	0	1	1	1	1	1	1	0	6	1	1	1	0	1	1	1	1	0	1	1	1	1	1	1	37
389061	0	0	0	2	1	1	0	0	0	1	2	0	1	0	1	0	0	1	1	0	0	1	0	0	0	1	1	1	4	2	1	1	0	0	0	0	1	1	0	1	1	0	0	1	28
389008	2	1	1	3	1	1	2	0	0	0	2	0	0	0	1	2	1	1	2	1	0	1	1	1	1	1	1	0	4	2	2	2	1	1	0	1	0	1	1	2	1	0	1	1	47
388342	2	1	1	2	1	1	1	0	0	3	0	0	0	0	1	4	1	1	2	1	0	3	2	1	1	1	1	1	6	3	1	2	4	1	1	3	1	1	1	3	1	1	1	1	63
388408	2	1	1	3	1	1	1	0	0	3	2	0	0	0	1	4	1	1	3	1	0	3	2	1	1	1	1	1	5	4	2	1	4	1	1	3	1	1	1	2	1	1	1	1	66
388573	2	1	2	2	1	1	1	0	0	4	0	1	1	0	1	8	1	1	2	1	0	3	2	1	1	1	1	1	5	5	5	3	7	1	1	2	1	1	1	2	1	1	1	1	78
390690	2	1	2	4	1	1	1	0	0	3	2	0	0	0	1	3	1	1	2	1	0	3	2	1	1	1	1	1	5	4	2	2	2	1	1	2	1	1	1	3	1	1	1	1	65
388205	2	1	2	1	1	1	1	0	0	2	1	1	1	0	1	3	1	1	1	1	0	3	2	1	1	3	1	1	7	3	2	4	3	1	1	3	2	1	2	3	1	1	1	1	70
388617	1	1	1	1	1	1	1	0	0	1	1	1	1	0	1	1	1	1	1	0	0	3	0	1	1	1	1	1	3	4	3	3	1	0	0	1	1	1	1	1	1	1	1	1	47
390682	2	1	1	1	1	1	1	0	0	1	1	1	1	0	1	2	1	1	1	1	0	3	2	1	1	1	1	1	4	2	2	2	1	1	1	2	1	1	1	2	1	1	1	1	53
390691	2	1	1	1	1	1	1	0	0	1	1	1	1	0	1	2	1	1	1	1	0	3	2	1	1	1	1	1	4	2	2	2	1	1	1	2	1	1	1	2	1	1	1	1	53
388234	2	1	1	1	0	0	1	0	0	1	0	1	1	0	0	1	1	1	1	1	0	3	2	1	1	1	1	0	4	3	2	2	1	1	1	2	1	0	1	3	1	1	1	1	48
388866	2	1	1	2	1	1	1	0	0	1	1	1	1	0	1	2	1	1	1	1	0	3	2	1	1	1	1	1	4	2	1	2	1	1	1	2	1	1	1	3	1	0	1	1	53
390692	2	1	1	3	1	1	1	0	1	1	1	1	1	0	1	2	1	1	2	1	0	3	2	1	1	1	1	1	3	3	2	2	1	1	2	2	1	2	2	3	1	1	1	2	62
388794	2	1	1	3	1	1	1	0	1	1	1	1	1	0	1	2	1	1	2	1	0	2	2	1	1	1	1	1	3	3	2	2	1	1	2	1	1	2	2	3	1	1	1	2	60
390146	2	1	2	3	1	1	1	0	1	1	1	1	1	0	1	2	1	1	2	1	0	3	2	1	1	1	1	1	3	3	2	2	1	1	2	2	1	2	1	3	1	1	1	2	62
388737	2	1	1	3	1	1	1	0	0	2	1	0	0	0	1	5	1	1	1	1	0	3	2	1	1	1	1	1	6	4	2	2	3	1	1	2	1	1	1	2	1	1	1	1	63
388876	2	1	1	1	1	1	1	0	0	3	1	1	1	0	1	3	1	1	1	1	0	3	2	1	2	1	1	1	5	5	2	2	2	1	1	2	1	1	1	3	1	1	1	1	63
388547	1	1	1	2	1	1	1	0	0	2	1	1	1	0	1	5	1	1	1	1	0	3	2	1	1	1	1	1	5	5	2	2	2	1	1	2	1	1	1	2	1	1	1	1	62
388899	2	1	1	2	1	1	1	0	0	3	1	1	1	0	1	3	1	1	2	1	0	3	2	1	1	1	1	1	5	5	2	2	2	1	1	2	1	1	1	3	1	1	1	1	64
388604	2	1	1	2	1	1	1	0	0	3	1	1	1	0	1	3	1	1	1	1	0	3	2	1	0	1	1	1	5	5	2	2	2	1	1	2	1	1	1	3	1	1	1	1	62
388642	2	1	1	2	1	1	1	0	0	3	1	1	1	0	1	3	1	1	1	1	0	3	2	1	0	1	1	1	5	5	2	2	2	1	1	2	1	1	1	3	1	1	1	1	62
388301	2	1	1	2	2	1	1	0	0	2	1	1	1	0	1	5	1	1	2	1	0	3	2	1	1	1	1	1	5	5	2	3	2	1	1	2	1	1	1	2	1	1	1	1	66
388787	2	1	1	3	2	1	1	0	0	5	1	0	0	0	1	6	1	1	1	1	0	3	2	1	1	1	1	1	5	4	2	2	3	1	1	2	1	1	1	3	1	1	0	1	67
388400	2	1	1	2	2	1	1	0	0	2	1	1	1	0	1	3	1	1	2	1	0	3	2	1	1	1	1	1	5	5	2	2	2	1	1	2	1	1	1	2	1	1	1	1	63
388231	2	1	1	3	1	1	0	0	0	2	1	0	0	0	1	5	1	1	1	1	0	3	2	1	0	1	1	1	5	5	2	2	2	1	1	3	1	1	1	2	1	1	1	1	61
390673	2	1	1	3	2	1	1	0	0	2	1	0	0	0	1	5	1	1	1	1	0	3	2	1	1	1	1	1	5	4	2	2	2	1	1	3	1	1	1	3	1	1	1	1	64
388435	2	1	1	3	1	1	2	0	0	3	2	0	0	0	1	3	1	1	1	1	0	3	2	1	1	1	1	1	5	5	1	2	2	1	1	3	1	1	1	2	1	1	1	1	63
388251	2	1	1	2	1	1	1	0	0	3	1	1	1	0	1	3	1	1	1	1	0	3	2	1	0	1	1	1	5	5	2	2	2	1	1	2	1	1	1	2	1	1	1	1	61
388949	2	1	1	4	1	1	1	0	0	2	1	0	0	0	1	5	1	1	1	1	0	3	2	1	1	1	1	1	6	5	2	2	2	1	1	3	1	1	1	3	1	1	1	1	66
388288	2	1	1	3	2	1	1	0	0	5	1	0	0	0	1	5	0	1	1	0	0	2	3	1	1	1	1	1	5	2	2	2	2	1	2	2	1	1	1	3	1	1	1	1	63
388383	2	1	1	2	2	1	1	0	0	2	1	1	1	0	1	3	1	1	1	1	0	3	2	1	1	1	1	1	5	5	2	4	2	1	1	2	1	1	1	3	1	1	1	1	65
388490	1	0	1	2	2	0	0	0	0	3	1	1	0	0	0	2	1	1	1	0	0	0	1	0	1	1	0	0	2	1	0	2	1	1	0	3	0	0	1	1	0	1	1	1	34
388915	2	1	1	1	1	1	1	0	0	1	1	1	1	0	1	2	1	1	1	1	0	3	2	1	1	1	1	1	5	3	1	3	2	1	1	2	1	1	1	2	1	1	1	1	56
388705	0	1	0	0	1	1	1	0	0	0	1	0	0	0	0	1	1	1	1	0	0	1	1	0	0	0	1	1	3	3	3	2	1	1	1	1	1	1	0	2	0	1	1	1	35
388480	1	0	1	1	1	0	0	0	0	1	1	1	1	0	0	3	0	0	0	1	0	1	1	0	0	1	0	0	2	1	0	1	3	0	0	1	0	0	1	2	1	0	0	1	28
388333	1	1	1	2	1	1	1	0	0	3	1	0	0	0	1	8	1	1	1	1	0	2	2	1	1	1	1	1	8	6	2	3	4	1	1	2	1	1	1	3	1	1	1	1	71
388381	2	1	1	2	1	1	1	0	0	2	1	1	1	0	1	3	1	1	1	1	0	3	2	1	1	1	1	1	5	5	2	2	2	1	1	2	1	1	1	3	1	1	1	1	62
388384	2	1	1	2	2	1	1	0	0	2	1	1	1	0	1	3	1	1	2	1	0	3	2	1	0	1	1	1	5	5	1	2	3	1	1	2	1	1	1	2	1	1	1	1	62
388624	2	1	1	2	1	1	1	0	0	3	1	1	1	0	1	2	1	1	1	1	0	3	2	1	1	2	1	1	5	5	2	2	2	1	0	2	1	1	1	2	1	1	1	1	61
388934	2	1	2	2	1	1	1	0	0	3	1	0	0	0	1	3	1	1	2	1	0	3	2	1	1	1	1	1	7	4	3	2	1	1	1	2	1	1	1	3	1	1	1	2	65
390688	2	1	1	1	1	1	1	0	0	2	1	0	0	0	1	2	1	1	2	1	0	3	2	1	1	1	1	1	4	3	2	2	4	1	1	2	1	1	1	3	1	1	1	1	58
388311	1	0	1	1	1	1	2	0	0	2	2	0	0	0	1	3	1	1	4	1	0	2	2	0	1	1	1	1	5	3	1	2	5	1	4	2	1	1	1	3	1	1	1	1	63
388478	2	1	1	3	0	1	1	0	0	4	2	1	1	0	1	10	1	1	2	1	0	3	2	1	1	1	1	1	4	3	3	2	4	1	1	3	1	1	1	3	1	1	1	1	74
388505	2	1	1	1	1	1	1	0	0	2	2	1	1	0	1	3	1	1	2	1	0	3	2	1	2	1	1	1	4	3	3	2	4	1	1	3	1	1	1	3	1	1	1	1	65
388307	3	1	3	3	1	1	1	0	0	6	2	0	0	0	1	7	1	1	2	1	0	3	2	1	1	1	1	1	5	3	4	2	5	1	1	2	1	1	1	3	1	1	1	1	77
388348	2	1	1	2	1	1	1	0	0	4	2	1	1	0	1	10	1	1	2	1	0	3	2	1	1	1	1	1	4	3	3	2	3	1	1	3	1	1	1	3	1	1	1	1	73
388376	2	1	1	2	1	1	1	0	0	4	2	1	1	0	1	10	1	1	2	1	0	3	2	1	1	1	1	1	4	3	3	2	4	1	1	3	1	1	1	3	1	1	1	1	74
390683	2	1	1	3	1	1	1	0	0	5	1	1	1	0	1	7	1	1	2	1	0	3	2	1	1	1	1	1	5	3	3	2	4	1	1	3	1	1	1	3	1	1	1	1	73
388706	2	0	0	0	1	1	0	0	0	3	1	0	0	0	1	7	0	1	0	1	0	3	1	1	0	2	1	1	2	2	1	1	3	1	1	3	0	1	0	1	1	1	0	0	45
388394	2	1	1	2	1	1	1	0	0	2	1	0	0	0	1	3	1	1	1	1	0	3	2	1	1	1	1	1	5	3	2	2	5	1	1	2	1	1	1	3	1	1	1	2	62
390272	2	1	1	2	1	1	0	0	0	2	1	0	0	0	1	3	1	1	2	1	0	3	1	1	2	1	0	1	4	3	1	2	6	1	1	2	1	1	1	2	1	1	1	2	59
390154	0	0	1	2	1	1	0	0	1	1	1	0	1	0	0	3	0	0	0	0	0	0	0	1	1	1	0	1	1	1	0	0	0	0	0	0	0	1	0	0	0	1	0	0	20
390295	1	1	1	1	1	1	1	0	0	0	1	0	0	1	1	2	1	0	1	0	1	1	1	0	1	1	0	1	1	1	0	2	1	1	1	2	1	1	2	2	1	1	0	0	37
390317	1	1	1	1	1	1	1	0	0	0	1	0	0	1	1	2	1	0	1	0	1	1	1	0	1	1	0	1	1	1	0	2	1	1	1	2	1	1	2	2	1	1	0	0	37
390244	1	1	1	1	1	1	0	0	0	0	1	0	1	1	1	3	1	0	2	0	1	1	1	1	0	1	0	1	2	2	0	3	1	1	1	2	1	1	1	2	1	0	0	0	40
388415	2	1	1	3	1	1	0	1	3	2	1	0	1	1	1	9	1	1	2	0	0	2	1	2	1	1	0	0	6	0	1	1	5	0	0	7	1	1	2	0	1	1	0	1	66
388647	0	1	0	1	1	0	0	0	0	0	0	0	0	1	1	3	0	1	0	0	0	0	0	0	1	1	0	1	3	1	0	2	0	1	1	2	0	0	0	0	0	1	0	0	23
388618	0	1	0	0	2	0	0	0	0	0	0	0	0	0	0	2	0	0	0	0	0	0	0	0	0	1	0	1	2	2	0	1	1	0	0	1	1	0	2	2	1	1	0	1	22
388261	0	1	1	0	2	1	0	0	0	1	2	0	0	1	1	3	0	0	0	0	0	0	0	0	1	1	0	1	3	0	0	2	2	1	0	3	0	1	0	0	0	1	1	1	31
388598	0	1	0	1	1	1	0	0	0	1	2	0	0	0	1	4	0	0	0	0	0	0	0	0	1	1	0	1	2	1	0	2	2	0	0	2	0	1	2	2	1	1	0	1	32
388641	1	0	1	1	1	1	0	0	0	1	1	0	0	1	1	4	1	1	1	0	0	1	1	0	1	1	0	0	1	1	0	2	2	1	0	3	0	1	0	0	0	0	1	1	33
388703	1	1	0	0	1	0	0	0	0	1	1	0	0	0	0	1	1	1	1	0	0	1	1	0	1	0	0	1	1	2	0	1	1	0	1	1	1	1	1	2	1	1	1	1	29
388933	0	1	0	1	0	1	0	0	0	1	0	0	0	1	1	4	0	0	0	0	0	0	0	0	1	0	0	0	2	2	0	1	2	0	0	0	1	0	2	2	1	0	1	0	25
388900	1	0	1	0	2	1	0	0	0	1	1	1	0	1	1	4	1	1	1	0	0	1	1	0	1	1	0	1	2	2	0	2	1	1	1	2	1	1	2	2	1	1	1	1	43
388442	1	1	0	1	2	1	0	0	0	1	1	0	0	1	1	5	1	1	1	0	0	1	1	0	1	1	0	1	4	2	0	2	2	1	0	3	0	0	2	2	1	1	0	1	44
388554	1	0	1	0	1	0	0	0	0	1	0	0	0	0	0	1	0	0	0	0	0	1	0	0	0	0	0	0	3	2	0	2	0	0	0	1	0	1	0	0	0	0	1	1	17
388785	0	1	1	1	1	0	0	0	0	1	0	0	1	0	0	1	0	0	0	0	0	0	0	0	1	1	0	0	2	2	0	2	0	0	0	2	0	1	0	0	0	0	1	1	20
388646	0	1	1	1	1	0	0	0	0	1	0	0	0	0	0	1	0	0	0	0	0	0	0	0	1	1	0	0	2	2	0	2	0	0	0	2	0	1	0	0	0	0	1	1	19
388939	0	0	1	1	1	0	0	0	0	0	0	0	0	0	0	1	0	0	0	0	0	0	0	0	1	0	0	0	3	3	0	1	0	0	0	2	0	1	0	0	0	0	1	1	17
388877	0	0	1	1	1	0	0	0	0	0	0	0	0	0	0	1	0	0	0	0	0	0	0	0	0	1	0	0	3	2	0	2	0	0	0	1	0	1	0	0	0	0	1	1	16
388279	0	1	0	0	1	0	0	0	0	0	0	0	1	0	0	1	0	0	0	0	0	0	0	0	1	0	0	0	1	1	0	1	0	0	0	1	0	0	0	0	0	0	1	1	11
388649	0	0	2	0	1	0	0	0	0	1	0	0	1	0	0	0	0	0	0	0	0	0	0	0	1	1	0	0	2	2	0	1	0	0	0	2	0	0	0	0	0	0	1	1	16
388392	0	0	1	1	1	0	0	0	0	1	0	0	1	0	0	1	0	0	0	0	0	0	0	0	1	1	0	0	2	2	0	2	0	0	0	1	0	1	0	0	0	0	1	1	18
388201	0	1	1	1	1	0	0	0	0	1	0	0	1	0	0	1	0	0	0	0	0	0	0	0	1	1	0	0	3	1	0	2	0	0	0	1	0	0	0	0	0	0	1	1	18
388263	0	0	1	1	1	0	0	0	0	1	0	0	1	0	0	1	0	0	0	0	0	0	0	0	0	1	0	0	2	1	0	2	0	0	0	2	0	1	0	0	0	0	1	0	16
388410	0	1	1	1	1	0	0	0	0	1	0	0	0	0	0	1	0	0	0	0	0	0	0	0	0	1	0	0	1	2	0	2	0	0	0	1	0	1	0	0	0	0	1	1	16
388771	0	0	0	1	0	0	0	0	0	0	0	0	0	0	0	0	0	0	0	0	0	0	0	0	1	1	0	0	2	1	0	2	0	0	0	1	0	1	0	0	0	0	1	0	11
388588	0	0	0	0	0	0	0	0	0	0	0	1	0	0	0	0	0	0	0	0	0	0	0	0	1	0	0	0	0	0	0	0	0	0	0	0	0	0	0	0	0	0	0	0	2
390221	1	1	1	1	1	1	0	0	0	1	2	0	1	0	1	3	1	0	1	0	1	1	1	1	1	1	0	1	2	2	1	2	3	1	1	2	1	1	2	2	1	1	1	2	48
388924	1	1	2	1	2	1	0	0	0	2	2	0	1	0	1	3	1	0	1	0	1	1	1	2	1	1	0	1	1	1	1	3	1	2	1	1	1	0	1	2	1	1	1	2	47
390202	1	1	1	1	1	1	0	0	0	1	2	0	1	0	1	3	1	0	1	0	1	1	1	1	1	1	0	1	1	2	1	2	5	1	1	2	1	1	2	2	1	1	1	2	49
390163	1	1	1	1	1	1	0	0	0	1	2	0	1	0	1	3	1	0	1	0	1	1	1	1	1	1	0	1	1	2	1	2	6	1	1	2	1	1	2	2	1	1	1	2	50
390334	1	1	1	1	1	1	0	0	0	1	2	0	1	0	1	3	1	0	1	0	1	1	1	1	1	1	0	1	1	2	1	2	6	1	1	2	1	1	2	2	1	1	1	2	50
390313	1	1	1	1	1	1	0	0	0	1	2	0	1	0	1	3	1	0	1	0	1	1	1	1	1	1	0	1	1	2	1	2	6	1	1	2	1	1	2	2	1	1	1	2	50
390157	1	1	1	1	1	1	0	0	0	1	2	0	1	0	1	3	1	0	1	0	1	1	1	1	1	1	0	1	1	2	1	2	5	1	1	2	1	1	2	2	1	1	1	2	49
390300	1	1	1	1	1	1	0	0	0	1	2	0	1	0	1	3	1	0	1	0	1	1	1	1	1	1	0	1	1	2	1	2	6	1	1	2	1	1	2	2	1	1	1	2	50
390268	1	1	1	1	1	1	0	0	0	1	2	0	1	0	1	3	1	0	1	0	1	1	1	1	1	1	0	1	1	2	1	2	6	1	1	2	1	1	2	2	1	1	1	2	50
388601	1	1	1	1	1	1	0	0	0	1	3	0	1	0	1	3	1	0	2	0	1	1	1	1	1	1	0	1	1	2	1	2	5	1	1	2	1	1	1	2	1	2	1	2	51
388341	1	0	1	0	2	1	1	1	0	0	1	0	0	1	1	2	1	1	2	0	0	1	1	0	1	1	1	1	1	1	1	0	1	1	1	2	1	1	1	2	0	1	0	0	36
388434	2	1	1	2	1	1	1	1	0	0	2	0	0	1	1	3	1	1	2	0	0	1	1	0	1	1	1	1	1	1	1	2	4	1	1	2	1	1	1	3	1	2	1	0	50
390156	2	1	1	1	2	1	1	1	0	1	3	0	1	1	1	4	1	1	2	0	0	1	1	0	1	2	1	1	1	1	1	2	2	1	1	2	1	1	2	4	1	0	0	0	52
390216	2	1	1	1	2	1	1	1	0	1	3	0	1	1	1	4	1	1	2	0	0	1	1	0	1	2	1	1	1	1	1	2	2	1	1	2	1	1	2	4	1	0	0	0	52
388247	2	1	1	1	2	1	1	1	0	0	2	0	0	1	1	3	1	1	2	0	0	1	1	0	1	2	1	1	1	1	1	2	2	1	1	2	1	1	1	3	1	0	0	0	46
388813	2	1	1	1	1	1	0	1	0	1	3	0	0	1	1	4	0	1	2	0	0	0	1	0	1	0	1	1	2	1	1	2	3	1	1	2	1	1	2	4	1	0	0	0	47
390217	2	1	1	1	2	1	1	1	0	1	3	0	1	1	1	4	1	1	2	0	0	1	1	0	1	1	1	1	1	1	1	2	2	1	1	2	1	1	2	4	1	0	0	0	51
390226	1	1	2	1	1	1	0	1	0	0	2	0	0	1	1	2	0	1	2	0	0	1	1	0	1	1	1	1	2	1	1	2	3	1	1	2	1	1	1	3	1	2	1	0	46
390299	2	1	1	1	1	1	0	1	0	0	1	0	0	1	1	2	1	1	2	0	0	1	1	0	1	1	1	1	2	1	1	2	3	1	1	2	1	1	1	2	1	2	1	0	45
388827	2	1	1	1	2	1	1	1	0	0	3	0	0	1	1	4	1	1	1	0	0	1	1	0	1	1	1	1	1	1	1	1	2	1	1	2	1	1	2	4	1	0	0	0	47
388658	2	1	1	1	2	1	1	1	0	0	3	0	0	1	1	1	1	1	2	0	0	1	1	0	0	1	1	1	2	1	1	2	2	1	1	2	1	1	1	3	1	1	0	0	45
390172	2	1	1	1	2	1	1	1	0	1	3	0	1	1	1	2	1	1	2	0	0	1	1	0	1	1	1	1	2	1	1	2	3	1	1	2	1	1	2	4	1	1	1	0	53
388666	1	1	1	3	1	1	0	1	0	0	1	0	0	1	1	2	1	1	2	0	0	1	1	0	1	1	1	1	1	1	1	2	4	1	1	2	1	1	1	2	1	2	1	0	46
388344	2	1	1	2	1	1	1	1	0	0	2	0	0	1	1	3	1	1	2	0	0	1	1	0	1	1	1	1	1	1	1	2	4	1	1	2	1	1	1	3	1	2	1	0	50
388653	1	1	1	1	2	1	0	1	0	2	1	0	0	1	1	2	1	1	2	0	0	1	1	0	1	1	1	1	2	1	1	2	3	1	1	2	1	1	1	2	1	0	0	0	44
388464	0	1	1	1	1	1	0	1	0	1	1	0	0	1	0	2	0	0	1	0	0	0	1	0	2	1	1	1	0	1	1	0	2	1	1	2	0	0	1	1	1	0	0	0	29
388583	0	1	1	1	2	1	0	1	0	2	1	0	0	1	1	2	0	1	1	0	0	1	2	0	1	1	1	1	2	1	1	2	4	1	1	2	1	1	2	2	1	0	0	0	44
388574	1	1	1	1	2	1	0	1	0	1	1	0	0	1	1	2	1	1	2	0	0	1	1	0	1	1	1	1	2	1	1	2	2	1	1	2	1	1	2	2	1	1	0	0	44
388664	1	1	1	1	2	1	0	1	0	1	1	0	0	1	1	2	1	1	2	0	0	1	1	0	1	1	1	1	2	1	1	2	2	1	0	2	1	1	1	2	1	0	0	0	41
388318	1	1	1	1	1	1	0	0	0	1	1	0	0	1	1	2	1	1	2	0	0	1	1	0	1	1	1	1	1	1	1	2	3	1	1	2	1	1	1	3	1	0	0	0	41
388485	1	1	1	1	2	1	0	1	0	0	1	0	0	1	1	1	1	1	2	0	0	1	1	0	1	1	1	1	1	1	1	2	2	0	1	2	1	1	1	2	1	1	0	0	39
390304	1	1	1	2	2	1	0	1	0	1	2	0	0	1	1	2	1	1	2	0	0	1	1	1	1	1	1	1	1	1	1	2	2	1	1	2	1	1	1	2	1	1	0	0	45
390315	1	1	1	2	1	1	0	1	0	1	1	0	0	1	1	3	1	1	2	0	0	1	1	0	1	1	1	1	1	1	1	2	2	1	1	2	1	1	1	2	1	0	0	0	42
388343	0	2	1	2	1	1	0	1	0	1	1	0	0	1	1	2	0	0	1	0	0	0	0	0	1	1	1	1	2	1	1	2	2	1	1	2	1	1	1	2	1	1	0	0	38
388856	0	2	1	2	2	1	0	1	0	1	1	0	0	1	1	2	0	0	1	0	0	0	0	0	1	1	1	1	1	1	1	2	2	1	1	2	1	1	1	2	1	0	0	0	37
390211	1	1	1	2	2	1	0	1	0	1	2	0	0	1	1	3	1	1	2	0	0	1	1	1	1	1	1	1	1	1	1	2	2	1	1	2	1	1	1	2	1	0	0	0	45
390303	1	1	1	1	2	1	0	1	0	1	1	0	0	1	1	2	1	1	2	0	0	1	1	0	1	1	1	1	1	1	1	2	2	1	1	2	1	1	1	2	1	0	0	0	41
388639	1	1	1	1	2	1	0	1	0	1	1	0	0	1	1	2	1	1	2	0	0	1	1	0	1	1	1	1	1	1	1	2	2	1	1	2	1	1	1	2	1	0	0	0	41
388326	1	1	1	1	2	1	0	1	0	1	1	0	0	1	1	2	1	1	2	0	0	1	1	0	1	1	1	1	1	1	1	2	2	1	1	2	1	1	1	2	1	0	0	0	41
388753	1	1	1	1	2	1	0	1	0	1	1	0	0	1	1	2	1	1	2	0	0	1	1	0	1	1	1	1	1	1	1	2	2	1	1	2	1	1	1	2	1	0	0	0	41
388557	1	2	1	1	1	1	0	1	0	1	1	0	0	1	1	2	1	1	2	0	0	1	1	0	1	1	1	1	1	1	1	2	2	1	1	2	1	1	1	2	1	0	0	0	41
388613	1	1	1	1	2	1	0	1	0	1	1	0	0	1	1	2	1	1	2	0	0	1	1	0	1	1	1	1	1	1	1	2	2	1	1	2	1	1	1	2	2	0	0	0	42
388345	1	1	1	1	2	1	0	1	0	1	1	0	0	1	1	2	1	1	2	0	0	1	1	0	1	1	1	1	1	1	1	2	2	1	1	2	1	1	1	2	1	0	0	0	41
388906	1	1	1	1	2	1	0	1	0	1	1	0	0	1	1	3	1	1	2	0	0	1	1	0	1	1	1	1	1	1	1	2	2	1	1	2	1	1	1	2	1	0	0	0	42
388429	2	1	1	1	1	1	0	2	0	1	1	0	0	2	1	2	2	2	3	0	0	2	2	0	1	2	1	1	1	1	0	2	3	1	1	2	1	1	1	3	1	0	0	0	50
388822	1	1	1	1	2	1	0	1	0	1	1	0	0	1	1	2	1	1	2	0	0	1	1	0	1	1	1	1	1	1	1	2	2	1	1	2	1	1	1	2	1	0	0	0	41
388772	1	1	1	1	2	1	0	1	0	1	1	0	0	1	1	2	1	1	2	0	0	1	1	0	1	1	1	1	1	1	1	2	2	1	1	2	1	1	1	2	1	0	0	0	41
388599	1	1	1	1	3	1	0	1	0	1	1	0	0	1	1	2	1	1	3	0	0	1	1	0	1	1	1	1	1	1	1	2	2	1	2	2	2	1	1	2	1	0	0	0	45
388312	1	1	1	1	2	1	0	1	0	1	1	0	0	1	1	2	1	1	2	0	0	1	1	0	1	1	1	1	1	1	1	2	2	1	1	2	1	1	1	2	1	0	0	0	41
391675	1	1	1	1	2	1	0	1	0	1	1	0	0	1	1	2	1	1	2	0	0	1	1	0	1	1	1	1	1	1	1	2	2	1	1	3	1	1	1	2	1	0	0	0	42
388380	1	1	1	1	2	1	0	1	0	1	1	0	0	1	1	2	1	1	2	0	0	1	1	0	1	1	1	1	1	1	1	2	2	1	1	2	1	1	1	2	1	0	0	0	41
388909	1	1	1	1	2	1	0	1	0	1	1	0	0	1	1	2	1	1	2	0	0	1	1	0	1	2	1	1	1	1	1	2	3	1	1	2	1	1	1	2	1	0	0	0	43
388273	1	1	1	1	1	1	0	1	0	1	1	0	0	1	1	2	1	1	2	0	0	1	1	0	1	1	1	1	1	1	1	2	2	1	1	2	1	1	1	2	1	0	0	0	40
388816	1	1	1	1	2	1	0	1	0	1	1	0	0	1	1	2	1	1	2	0	0	1	1	0	1	1	1	1	1	1	1	2	2	1	1	2	1	1	1	2	1	0	0	0	41
388448	1	1	1	1	2	1	0	1	0	1	1	0	0	1	1	2	1	1	2	0	0	1	1	0	1	1	1	1	1	1	1	2	2	1	1	2	1	1	1	2	1	0	0	0	41
388352	1	1	1	1	2	1	0	1	0	1	1	0	0	1	1	2	1	1	2	0	0	1	1	0	1	1	1	1	1	1	1	2	2	1	1	2	1	1	1	2	1	0	0	0	41
388594	1	1	1	1	2	1	0	1	0	1	1	0	0	1	1	2	1	1	2	0	0	1	1	0	1	1	1	2	1	1	1	2	2	1	1	2	1	1	1	2	1	0	0	0	42
388623	1	1	1	1	2	1	0	1	0	2	1	0	0	1	1	2	1	1	2	0	0	1	1	0	1	1	1	1	1	1	1	2	2	1	1	2	1	1	1	2	1	0	0	0	42
388500	1	1	1	1	2	1	0	1	0	1	1	0	0	1	0	2	1	1	2	0	0	1	1	0	1	1	1	1	1	1	0	2	2	1	1	2	1	1	0	2	1	0	0	0	38
388466	1	1	1	1	2	1	0	1	0	1	1	0	0	1	1	2	1	1	2	0	0	1	1	0	1	1	1	1	1	1	1	2	2	1	1	2	1	1	1	2	1	0	0	0	41
388269	1	2	1	2	2	1	0	1	0	1	1	0	0	1	1	2	1	1	2	0	0	1	1	0	1	1	1	1	1	1	1	2	2	1	1	2	1	1	1	2	1	0	0	0	43
390198	1	1	1	1	2	1	0	1	0	1	1	0	0	1	1	2	1	1	1	0	0	1	1	0	1	1	1	1	2	1	1	2	2	1	1	2	1	1	2	2	1	1	0	0	43
390242	1	1	1	2	2	1	0	1	0	1	2	0	0	1	1	2	1	1	2	0	0	1	1	1	1	1	1	1	2	1	1	2	2	1	1	2	1	1	1	2	1	1	0	0	46
388416	1	1	1	1	2	1	0	1	0	1	1	0	0	1	1	2	0	1	2	0	0	1	1	0	1	1	1	1	1	1	1	2	2	1	1	2	1	1	2	2	1	1	0	0	42
388754	0	1	1	1	1	1	0	1	1	0	1	0	0	1	1	2	0	0	0	0	0	0	0	0	1	1	1	1	4	1	1	2	2	1	1	2	1	1	1	2	1	0	0	0	36
390207	1	1	1	0	2	1	0	1	0	0	1	0	0	1	1	3	1	1	1	1	0	1	1	1	1	1	1	1	3	1	1	2	2	1	1	2	1	1	2	2	1	1	0	0	45
390707	1	1	1	0	1	1	0	1	0	0	1	0	0	1	1	2	1	1	1	1	0	1	1	1	1	1	1	1	3	1	1	2	2	1	1	2	1	1	2	2	1	1	0	0	43
390260	2	1	0	0	2	1	0	1	0	0	1	0	0	1	1	3	1	1	1	1	0	1	1	0	1	1	1	1	2	1	1	2	2	1	1	2	1	1	2	2	1	1	0	0	43
391677	1	1	1	0	2	1	0	1	0	0	1	0	0	1	1	3	1	1	1	1	0	1	1	1	1	1	1	1	3	1	1	2	2	1	1	2	1	1	2	2	1	1	0	0	45
390672	1	1	1	0	1	1	0	1	0	0	1	0	0	1	1	3	1	1	1	1	0	1	1	1	1	1	1	1	3	1	1	2	2	1	1	2	1	1	2	2	1	1	0	0	44
388533	1	1	0	0	1	1	0	1	0	0	1	0	0	1	1	1	1	1	1	1	0	1	1	1	1	1	1	1	2	1	1	2	3	1	1	2	1	1	1	2	1	1	0	0	40
388853	1	1	0	0	1	1	0	1	0	0	1	0	0	1	1	3	1	1	1	1	0	1	1	1	1	1	1	1	2	1	1	2	2	1	1	2	1	1	2	2	1	1	0	0	42
390669	1	1	1	0	1	1	0	1	0	0	1	0	0	1	1	3	1	1	1	1	0	1	1	1	1	1	1	1	3	1	1	2	2	1	1	2	1	1	2	2	1	1	0	0	44
390234	1	1	1	0	1	1	0	1	1	2	2	0	0	1	1	2	1	1	2	1	0	1	1	1	2	1	1	1	5	2	2	3	2	1	2	3	1	2	2	5	1	0	0	0	59
390263	1	1	1	1	1	1	0	1	1	0	2	0	0	1	1	2	1	1	2	1	0	1	1	1	2	2	1	1	4	2	2	3	1	1	2	3	1	2	2	2	1	0	0	0	54
390241	1	1	1	0	1	1	0	1	1	1	3	0	0	1	1	2	1	1	2	1	0	1	1	1	2	2	1	1	5	3	2	3	1	1	2	3	1	2	2	2	1	0	0	0	57
390159	1	1	1	1	2	1	0	1	1	1	1	1	1	1	1	2	1	1	2	1	0	1	1	1	1	1	1	1	4	0	1	3	4	1	1	3	1	1	2	3	1	1	0	0	55
390321	1	1	1	0	2	1	0	1	1	3	2	1	1	1	1	2	1	1	2	1	0	1	1	1	1	1	1	1	5	2	1	2	3	1	1	2	1	1	2	2	1	1	2	0	58
388233	1	1	1	0	2	1	0	1	1	3	2	1	1	1	1	2	1	1	2	1	0	1	1	1	1	1	1	1	5	2	1	2	2	1	1	2	1	1	2	2	1	1	2	0	57
390149	1	1	1	0	1	1	0	1	0	0	1	0	0	1	1	3	1	1	1	0	0	1	1	1	1	1	1	1	2	1	1	2	2	1	1	2	1	1	2	2	1	0	0	0	41
390712	1	1	0	0	2	1	0	1	0	0	1	0	0	1	1	3	1	1	1	0	0	1	1	1	1	1	1	1	2	1	1	2	2	1	1	2	1	1	2	3	1	1	0	0	43
390339	1	1	0	0	1	1	0	1	0	0	1	0	0	1	1	3	1	1	1	0	0	1	1	1	1	1	1	1	2	1	1	2	2	1	1	2	1	1	2	3	1	1	0	0	42
390235	1	1	0	0	1	1	0	1	0	0	1	0	0	1	1	3	1	1	1	0	0	1	1	1	1	1	1	1	2	1	1	2	2	1	1	2	1	1	3	5	1	1	0	0	45
390158	1	1	0	0	1	1	0	1	0	0	1	0	0	1	1	3	1	1	1	0	0	1	1	1	1	1	1	1	2	1	1	2	2	1	1	2	1	1	1	3	1	1	0	0	41
390279	1	1	0	1	2	1	0	1	0	1	1	0	0	1	1	3	1	1	1	0	0	1	1	1	1	1	1	1	2	1	1	2	2	1	1	2	1	1	2	3	1	1	0	0	45
390269	1	1	0	0	1	1	0	1	0	0	1	0	0	1	1	3	1	1	1	0	0	1	1	0	1	1	1	1	2	1	1	1	2	1	1	1	1	1	2	5	1	0	0	0	40
388644	0	1	1	0	2	1	0	1	1	1	2	0	0	1	1	3	0	0	1	1	0	0	0	0	1	1	1	1	4	1	1	2	1	2	1	2	1	1	1	2	1	0	0	0	41
390247	1	1	1	0	2	1	0	1	1	1	2	0	0	1	1	3	1	1	1	1	0	1	1	0	1	1	1	1	4	1	1	2	1	2	1	2	1	1	1	3	1	0	0	0	47
390225	1	1	1	0	2	1	0	1	1	0	2	0	0	1	1	2	1	1	2	2	0	1	1	1	2	1	1	1	4	1	1	2	2	1	1	2	1	1	1	1	1	1	0	0	48
388338	0	0	0	1	0	1	0	0	0	0	2	0	0	2	1	1	0	0	2	1	0	0	0	1	2	2	1	0	3	1	1	1	1	1	1	1	0	0	1	1	1	0	0	0	30
388457	1	1	1	1	1	1	0	1	1	0	3	0	0	1	1	2	1	1	2	2	0	1	1	1	2	2	1	1	4	1	1	2	2	1	1	2	1	1	2	2	1	1	0	0	52
390239	1	1	1	1	2	1	0	1	1	0	3	0	0	1	1	2	1	1	2	2	0	1	1	1	2	2	1	1	4	1	1	2	2	1	1	2	1	1	2	2	1	1	0	0	53
388238	0	1	1	0	1	1	0	1	0	0	1	0	0	1	0	2	0	1	1	1	0	0	0	1	2	2	1	0	2	1	1	1	2	1	0	0	0	0	1	1	1	0	0	0	29
388570	1	1	1	0	1	1	0	1	0	0	2	0	0	1	1	1	0	1	1	1	0	1	0	1	2	2	1	1	3	2	1	1	1	1	0	2	0	0	2	2	1	1	0	0	39
388542	1	1	1	0	1	1	0	1	1	0	3	0	0	1	1	2	1	1	2	2	0	1	1	1	2	1	1	1	4	1	1	2	2	1	1	2	1	1	2	2	1	1	0	0	50
388294	1	1	1	2	2	1	1	1	0	1	0	1	1	1	1	1	1	0	2	0	0	2	1	0	1	1	1	1	3	1	1	3	2	1	1	1	1	1	2	2	1	0	0	0	46
388788	1	1	1	0	1	1	0	1	1	0	1	0	0	0	0	2	1	1	2	2	0	1	1	1	1	1	0	1	5	1	1	2	0	1	0	2	1	1	1	0	1	0	0	0	38
388385	0	1	1	1	2	1	0	0	1	0	2	0	0	0	0	3	0	0	0	1	0	0	0	1	2	1	1	1	4	1	1	2	2	1	1	2	1	1	2	2	1	1	0	0	41
390190	1	1	1	0	2	1	0	1	1	0	4	0	0	1	1	2	0	0	2	1	0	1	1	1	1	1	1	1	4	1	1	2	2	1	1	2	1	1	2	2	1	0	0	0	47
388860	1	1	1	0	1	1	0	1	1	0	3	0	0	1	1	2	1	1	2	2	0	1	1	1	2	2	1	1	4	1	1	2	2	1	1	2	1	1	2	2	1	1	0	0	51
388217	1	1	2	0	1	0	0	1	1	1	2	0	0	1	1	3	1	1	2	1	0	1	1	0	1	1	1	1	5	1	1	2	2	1	1	2	2	1	2	2	1	0	0	0	49
388406	1	1	1	1	2	1	0	1	1	0	3	0	0	1	1	3	1	1	2	1	0	1	1	1	2	2	1	1	4	1	1	2	2	1	1	2	1	1	2	2	1	1	0	0	53
388868	1	1	1	0	2	1	0	1	1	2	2	0	1	1	1	2	1	1	2	0	0	1	1	0	1	1	1	1	5	2	1	2	2	1	1	2	1	1	2	2	1	0	0	0	50
388258	1	1	1	0	2	1	0	1	1	0	1	0	0	1	1	3	1	1	2	0	0	1	1	0	1	1	1	1	6	1	1	2	2	1	1	2	1	1	1	2	1	0	0	0	46
391680	1	1	0	2	2	1	0	1	0	1	0	1	1	1	1	3	1	1	1	0	0	1	2	0	1	1	1	1	4	1	1	3	3	1	1	2	1	1	2	2	1	0	0	2	51
388488	1	1	1	0	2	0	0	1	1	1	2	0	0	1	1	3	0	0	1	0	0	1	1	0	1	3	0	1	2	2	2	2	1	1	1	2	1	1	1	1	1	0	0	0	41
390696	1	1	1	1	2	1	0	1	0	0	1	1	1	1	1	2	1	1	2	1	0	1	1	1	1	1	1	1	4	1	1	3	2	1	1	3	1	1	2	3	1	1	1	1	54
390166	1	1	1	0	2	1	0	1	1	0	2	1	1	1	1	2	1	1	2	1	0	1	1	1	1	1	1	1	5	2	1	3	3	1	1	2	1	1	2	3	1	1	1	1	57
388760	2	1	1	0	1	1	0	1	1	0	2	1	1	1	1	2	1	1	2	0	0	1	0	1	1	1	1	1	5	1	0	3	4	1	1	3	1	1	3	3	1	0	0	0	53
388364	1	1	0	0	2	1	0	0	1	0	2	1	1	1	0	2	1	1	2	1	0	1	1	1	1	1	1	1	3	1	1	2	1	1	0	2	1	1	2	3	1	0	0	0	44
388239	1	1	1	0	2	1	0	1	1	1	1	0	0	1	1	2	1	1	0	2	0	1	1	0	1	1	1	1	4	1	1	1	1	1	1	2	1	1	2	2	1	0	0	0	43
390320	1	1	1	0	2	1	0	1	1	1	1	0	0	1	1	2	1	1	1	2	0	1	1	0	1	1	1	1	4	2	1	2	2	1	1	2	1	1	2	2	1	0	1	0	48
388418	1	1	1	0	1	1	0	1	1	0	1	0	0	1	1	3	1	1	2	0	0	1	1	0	1	1	1	1	4	0	1	2	1	0	1	2	2	1	1	2	0	2	1	0	43
388918	1	1	1	0	2	1	0	1	1	1	1	0	0	1	1	2	1	1	2	0	0	1	1	0	1	1	1	1	4	1	1	2	1	1	1	2	2	1	1	2	1	1	0	0	45
390245	1	1	1	1	1	1	0	1	1	1	2	1	1	1	0	2	1	1	2	1	0	1	1	1	1	1	1	1	5	0	1	3	3	1	1	2	1	1	2	3	1	0	0	1	53
388445	1	1	1	1	1	1	0	1	0	0	2	1	1	1	0	2	1	1	2	1	0	1	1	1	1	1	1	1	5	0	1	2	3	1	0	2	1	1	2	3	1	0	0	1	49
388443	1	1	1	1	2	1	0	1	1	0	2	1	1	1	0	3	1	1	2	1	0	1	1	1	1	1	1	1	5	0	1	2	3	1	1	3	1	1	2	3	1	0	0	1	54
388798	0	0	1	4	2	1	0	1	0	2	2	1	1	1	1	3	0	0	1	0	0	0	1	0	2	1	1	2	4	1	1	3	1	1	1	3	1	1	1	2	1	0	0	1	50
388284	0	1	1	1	1	1	0	1	0	0	0	1	1	0	1	1	0	0	0	0	0	0	0	0	1	1	0	1	4	1	1	3	1	2	1	3	1	1	2	2	1	0	0	0	36
388835	1	1	1	3	2	1	0	1	0	1	2	1	1	1	1	3	0	1	2	0	0	1	2	0	2	1	1	1	5	1	1	3	2	1	1	3	1	1	2	2	1	1	1	1	58
390716	1	1	1	1	2	1	0	1	1	1	2	1	1	1	1	2	1	1	2	1	0	1	1	1	1	1	1	1	5	0	1	3	2	1	1	2	1	1	2	3	1	0	0	1	54
388255	0	1	1	3	2	1	0	1	0	1	2	1	1	1	1	3	0	0	0	0	0	0	1	0	2	1	1	1	4	2	1	3	1	1	1	3	1	1	2	2	1	0	0	1	49
388432	1	1	1	1	1	1	0	1	1	0	1	0	0	1	1	3	0	2	3	0	0	1	1	0	1	1	1	1	5	1	1	3	1	1	1	2	2	1	2	2	1	0	0	0	48
388635	0	1	1	0	3	1	0	1	1	1	1	0	2	1	1	2	0	1	1	0	0	0	0	0	1	0	1	1	4	2	1	2	1	0	1	2	1	0	2	1	1	0	0	0	39
388402	0	1	1	0	0	1	1	0	1	0	0	0	0	0	0	1	1	1	1	0	0	0	1	1	0	3	0	0	1	1	2	2	1	1	0	1	0	0	2	2	1	0	0	0	28
388670	0	0	1	0	1	1	0	1	1	0	1	0	0	1	1	0	1	0	0	1	0	0	1	0	2	0	1	0	2	1	1	1	0	1	1	0	0	1	1	1	0	0	0	0	24
388313	0	1	1	0	1	1	0	1	1	1	2	0	0	1	1	3	0	0	1	1	0	0	0	0	1	1	2	1	4	1	1	0	0	0	0	0	1	1	2	2	1	0	0	0	34
388373	1	1	1	1	2	1	0	1	1	1	2	0	0	1	1	3	1	1	2	1	0	1	1	0	1	1	2	1	5	1	1	2	1	1	1	2	1	1	1	3	1	1	0	0	51
390183	1	1	1	0	2	1	0	1	0	0	1	0	0	1	1	2	1	1	1	1	0	1	1	0	1	1	1	1	0	1	1	2	2	1	1	2	1	1	2	2	1	0	0	0	39
390208	1	1	1	3	1	1	0	1	0	0	2	0	0	1	1	2	1	1	2	1	0	1	1	0	2	1	2	1	6	1	1	2	1	1	1	2	1	1	1	2	1	0	0	0	49
390327	1	1	1	1	2	1	0	1	0	1	2	0	0	1	1	2	1	1	2	1	0	1	1	0	1	1	1	1	5	1	1	2	2	1	1	2	1	1	2	4	1	0	0	0	50
390717	1	1	1	0	2	1	0	1	1	1	2	0	1	1	1	3	1	1	2	1	0	1	2	0	1	1	1	1	6	0	1	3	1	1	1	3	1	1	2	4	2	0	0	0	55
390687	1	1	1	0	2	1	0	1	1	1	2	0	0	1	1	3	1	1	2	1	0	1	2	0	1	1	1	1	6	0	1	3	1	1	1	3	1	1	2	4	2	0	0	1	55
388945	1	1	1	0	2	1	0	1	3	2	1	0	0	1	1	3	1	1	2	1	0	1	2	0	1	1	1	1	6	0	1	3	1	1	1	3	1	1	2	3	1	0	0	0	54
388449	1	1	1	0	2	1	0	1	3	2	2	0	0	1	1	4	1	1	2	1	0	1	2	0	1	1	0	1	6	0	1	3	1	1	1	3	1	1	2	3	1	0	0	0	55
388401	1	1	0	0	1	1	0	1	3	3	1	0	0	1	1	1	1	1	0	0	0	1	0	0	0	0	2	0	4	0	1	2	1	0	1	1	1	1	3	3	1	0	0	0	39
390184	1	1	1	0	2	1	0	1	1	0	2	0	0	1	1	2	1	1	2	1	0	1	1	0	1	1	1	1	4	0	1	3	1	1	1	3	1	1	3	4	1	0	0	0	49
390318	1	1	1	1	2	1	0	1	0	1	2	1	1	1	1	2	1	1	2	1	0	1	1	1	1	1	1	1	4	2	1	3	2	1	1	3	1	1	1	3	1	1	1	1	56
390224	1	1	1	1	2	1	0	1	1	2	2	1	1	1	1	3	1	1	2	1	0	1	1	1	2	1	1	1	5	2	1	3	3	1	2	3	1	1	1	2	1	0	1	1	61
390700	1	1	1	1	1	1	0	1	1	3	2	1	1	1	1	4	1	1	2	1	0	1	1	1	2	1	1	1	5	1	1	3	4	1	2	3	1	1	2	2	1	0	0	1	62
390250	1	1	1	1	1	1	0	1	1	0	2	1	1	1	1	4	1	1	2	2	0	1	1	1	2	1	1	1	5	2	1	3	3	1	2	3	1	1	2	3	1	0	0	1	61
390165	1	1	1	1	1	1	0	1	1	3	2	1	1	1	1	4	1	1	2	1	0	1	1	1	2	1	1	1	5	1	1	3	4	1	2	3	1	1	2	2	1	0	0	1	62
388917	1	1	2	1	1	1	0	1	1	1	2	1	1	2	1	4	1	1	2	1	0	1	2	1	4	1	1	1	5	1	1	3	5	1	3	3	1	2	1	3	1	0	0	1	68
390671	1	1	1	1	1	1	0	1	1	3	2	1	1	1	1	4	1	1	2	1	0	1	1	1	2	1	1	1	5	1	1	3	4	1	2	3	1	1	2	2	1	0	0	1	62
390665	1	1	1	1	1	1	0	1	1	1	2	1	1	1	1	4	1	1	2	1	0	1	1	1	2	1	1	1	5	1	1	3	4	1	1	3	1	1	2	3	1	0	1	1	61
390697	1	1	1	1	1	1	0	1	1	1	2	1	1	1	1	4	1	1	2	1	0	1	1	1	2	1	1	1	5	1	1	3	4	1	1	3	1	1	2	3	1	0	1	1	61
388423	1	1	1	1	1	1	0	1	1	2	2	1	1	1	1	3	1	1	2	2	0	1	1	1	1	1	1	1	5	2	1	3	2	1	1	3	1	1	2	3	1	1	1	1	61
390178	1	1	1	1	2	1	0	1	1	0	2	1	1	1	1	4	1	1	2	2	0	1	1	1	2	1	1	1	5	2	1	3	3	1	1	3	1	1	2	2	1	0	1	1	61
388803	1	1	2	2	2	1	0	1	1	0	2	1	2	1	1	4	1	1	3	0	0	1	1	1	3	1	1	1	5	1	1	2	4	1	2	2	1	1	2	2	1	0	1	1	63
390283	1	1	1	0	2	1	0	1	1	0	2	1	1	1	1	3	1	1	2	1	0	1	1	1	1	1	1	1	5	2	1	3	2	1	1	3	1	1	1	3	1	0	0	1	55
391672	1	1	1	0	1	1	0	1	1	2	2	1	1	1	1	4	1	1	2	2	0	1	1	1	1	1	1	1	5	2	1	3	3	1	1	3	1	1	2	3	1	0	0	1	60
390143	1	1	1	0	1	1	0	1	1	2	2	1	1	1	1	4	1	1	2	2	0	1	1	1	1	1	1	1	5	2	1	3	3	1	1	3	1	1	2	3	1	0	0	1	60
390258	1	1	1	0	1	1	0	1	1	2	2	1	1	1	1	3	1	1	2	2	0	1	1	1	1	1	1	1	5	2	1	3	3	1	1	3	1	1	2	3	1	0	0	1	59
388459	1	1	1	1	1	2	0	2	2	2	1	2	1	1	1	4	0	1	2	1	0	2	0	1	1	1	1	1	5	2	1	3	3	2	1	3	1	2	1	2	1	0	0	2	63
390169	1	1	1	0	1	1	0	1	1	2	2	1	1	1	1	4	1	1	2	2	0	1	1	1	1	1	1	1	5	2	1	3	3	1	1	3	1	1	2	3	1	0	0	1	60
390323	1	1	1	0	1	1	0	1	1	2	2	1	1	1	1	3	1	1	2	2	0	1	1	1	1	1	1	1	5	2	1	3	3	1	1	3	1	1	2	3	1	0	0	1	59
390266	1	1	1	0	1	1	0	1	1	2	2	1	1	1	1	4	1	1	2	2	0	1	1	1	1	1	1	1	6	2	1	3	3	1	1	3	1	1	2	3	1	0	0	1	61
390282	1	1	1	0	1	1	0	1	1	2	2	1	1	1	1	3	1	1	1	2	0	1	1	1	1	1	1	1	5	1	1	3	3	1	1	3	1	1	2	3	1	0	0	1	57
390293	1	1	1	0	1	1	0	1	1	2	2	1	1	1	1	4	1	1	2	2	0	1	1	1	1	1	1	1	5	2	1	3	3	1	1	3	1	1	2	3	1	0	0	1	60
388280	1	1	1	0	1	1	0	1	1	2	2	1	1	1	1	4	1	1	2	2	0	1	1	1	1	1	1	1	5	2	1	3	3	1	1	3	1	1	2	3	1	0	0	1	60
388290	1	1	1	0	1	1	0	1	1	2	2	1	1	1	1	4	1	1	2	2	0	1	1	1	1	1	1	1	5	2	1	3	3	1	1	3	1	1	2	3	1	0	0	1	60
388245	1	1	1	0	1	1	0	1	1	2	2	1	1	1	1	4	1	1	2	2	0	1	1	1	1	1	1	1	5	2	1	3	3	1	1	3	1	1	2	3	1	0	0	1	60
388550	1	1	1	0	1	1	0	1	1	2	2	1	1	1	1	4	1	1	2	2	0	1	1	1	1	1	1	1	5	2	1	3	3	1	1	3	1	1	2	3	1	0	0	1	60
388216	1	1	1	0	1	1	0	1	1	2	2	1	1	1	1	4	1	1	2	2	0	1	1	1	1	1	1	1	5	2	1	3	3	1	1	3	1	1	2	3	1	0	0	1	60
388789	1	1	1	0	1	1	0	1	1	2	2	1	1	1	1	4	1	1	2	2	0	1	1	1	1	1	1	1	5	2	1	3	3	1	1	3	1	1	2	3	1	0	0	1	60
388654	1	1	1	0	1	1	0	1	1	2	2	1	1	1	1	4	1	1	2	2	0	1	1	1	1	1	1	1	5	2	1	3	3	1	1	3	1	1	2	3	1	0	0	1	60
388799	1	1	1	0	1	1	0	1	1	2	2	1	1	1	1	4	1	1	2	2	0	1	1	1	1	1	1	1	5	2	1	3	3	1	1	3	1	1	2	3	1	0	0	1	60
388786	1	1	1	0	1	1	0	1	1	2	2	1	1	1	1	4	1	1	2	3	0	1	1	1	1	1	1	1	5	2	1	3	3	1	1	3	1	1	2	3	1	0	0	1	61
388807	1	1	1	0	2	1	0	1	1	2	2	1	1	1	1	4	1	1	2	2	0	1	1	1	1	1	1	1	5	2	1	3	3	1	1	3	1	1	2	3	1	0	0	1	61
388770	1	1	1	0	1	1	0	1	1	2	2	1	1	1	1	4	0	1	2	3	0	1	1	1	1	1	1	1	5	2	1	3	3	1	1	3	1	1	2	3	1	0	0	1	60
388425	1	1	1	0	1	1	0	1	1	2	2	1	1	1	1	4	1	1	2	2	0	1	1	1	1	1	1	1	5	2	1	3	3	1	1	3	1	1	2	3	1	0	0	1	60
388377	1	1	1	0	2	1	0	1	1	2	2	1	1	1	1	4	1	1	2	2	0	1	1	1	1	1	1	1	5	2	1	3	3	1	1	3	1	1	2	3	1	0	0	1	61
388319	1	1	1	0	1	1	0	1	1	2	2	1	1	1	1	4	1	1	2	2	0	1	1	1	1	1	1	1	5	2	1	3	3	1	1	3	1	1	2	3	1	0	0	1	60
388736	1	1	1	0	1	1	0	1	1	2	2	1	1	1	1	4	1	1	2	2	0	1	1	1	1	1	1	1	5	2	1	3	3	1	1	3	1	1	2	3	1	0	0	1	60
388889	1	1	1	0	1	1	0	1	1	2	2	1	1	1	1	4	1	1	2	2	0	1	1	1	1	1	1	1	5	2	1	3	3	1	1	3	1	1	2	3	1	0	0	1	60
388208	1	1	1	0	1	1	0	1	1	2	2	1	1	1	1	4	1	1	2	2	0	1	1	1	1	1	1	1	5	2	1	3	3	1	1	3	1	1	2	3	1	0	0	1	60
388928	1	1	1	0	1	1	0	1	1	2	2	1	1	1	1	4	1	1	2	2	0	1	1	1	1	1	1	1	5	2	1	3	3	1	1	3	1	1	2	3	1	0	0	1	60
388226	1	1	1	0	1	1	0	1	1	2	2	1	1	1	1	4	0	1	1	2	0	1	1	1	1	1	1	1	5	2	1	3	3	1	1	3	1	1	2	3	1	0	0	1	58
388826	1	1	1	1	1	1	0	1	1	2	2	1	1	1	1	4	1	1	2	2	0	1	1	1	1	1	1	1	5	2	1	3	3	1	1	3	1	1	2	3	1	0	0	1	61
388367	1	1	1	0	1	1	0	1	1	2	2	1	1	1	1	4	0	1	2	2	0	1	1	1	1	1	1	1	5	2	1	3	3	1	1	3	1	1	2	3	1	0	0	1	59
388484	1	1	1	0	1	1	0	1	1	2	2	1	1	1	1	4	1	1	2	2	0	1	1	1	1	1	1	1	5	2	1	3	3	1	1	3	1	1	2	3	1	0	0	1	60
388475	1	1	1	0	1	1	0	1	1	2	2	1	1	1	1	4	1	1	2	2	0	1	1	1	1	1	1	1	5	2	1	3	3	1	1	3	1	1	2	3	1	0	0	1	60
388940	1	1	1	0	1	1	0	1	1	2	2	1	1	1	1	4	1	1	2	2	0	1	1	1	1	1	1	1	5	2	1	3	3	1	1	3	1	1	2	3	1	0	0	1	60
388524	1	1	1	0	1	1	0	1	1	2	2	1	1	1	1	4	1	1	2	2	0	1	1	1	1	1	1	1	5	2	1	3	3	1	1	3	1	1	2	3	1	0	0	1	60
388358	1	1	1	0	1	1	0	1	1	2	2	1	1	1	1	4	1	1	2	2	0	1	1	1	1	1	1	1	5	2	1	3	3	1	1	3	1	1	2	3	1	0	0	1	60
388844	1	1	1	0	1	1	0	1	1	2	2	1	1	1	1	4	1	1	2	2	0	1	1	1	1	1	1	1	5	2	1	3	3	1	1	3	1	1	2	3	1	0	0	1	60
388264	1	1	1	1	1	1	0	1	1	2	2	1	1	1	1	4	1	1	2	2	0	1	1	1	1	1	1	1	5	2	1	3	3	1	1	3	1	1	2	3	1	0	0	1	61
388361	1	1	1	0	1	1	0	1	1	2	2	1	1	1	1	4	0	1	2	2	0	1	1	1	1	1	1	1	5	2	1	3	3	1	1	3	1	1	2	3	1	0	0	1	59
388857	1	1	1	0	1	1	0	1	0	2	2	1	1	1	1	4	1	1	2	2	0	1	1	1	1	1	1	1	5	2	1	3	3	1	1	3	1	1	2	3	1	0	0	1	59
388589	1	1	1	0	1	1	0	1	0	2	2	1	1	1	1	4	0	1	2	2	0	1	1	1	1	1	1	1	5	2	1	3	3	1	1	2	1	1	2	3	1	0	0	1	57
388640	1	1	1	0	1	1	0	1	1	2	2	1	1	1	1	4	1	1	2	2	0	1	1	1	1	1	1	1	5	2	1	3	3	1	1	3	1	1	2	3	1	0	0	1	60
388460	1	1	1	0	1	1	0	1	1	2	2	1	1	1	1	4	1	1	2	2	0	1	1	1	1	1	1	1	5	2	1	3	3	1	1	3	1	1	2	3	1	0	0	1	60
388539	1	1	1	0	2	1	0	1	1	2	2	1	1	1	1	4	1	1	2	2	0	1	1	1	1	1	1	1	5	2	1	3	3	1	1	3	1	1	2	3	1	0	0	1	61
388334	1	1	1	0	1	1	0	1	1	2	2	1	1	1	1	4	1	1	2	2	0	1	1	1	1	1	1	1	5	2	1	3	3	1	1	3	1	1	2	3	1	0	0	1	60
388956	1	1	1	0	1	1	0	1	1	2	2	1	1	1	1	4	1	1	2	2	0	1	1	1	1	1	1	1	5	2	1	3	3	1	1	3	1	1	2	3	1	0	0	1	60
388568	1	1	1	0	2	1	0	1	1	2	2	1	1	1	1	4	1	1	2	2	0	1	1	1	1	1	1	1	5	2	1	3	3	1	1	3	1	1	2	3	1	0	0	1	61
388306	1	1	1	0	1	1	0	1	1	2	2	1	1	1	1	4	1	1	2	2	0	1	1	1	1	1	1	1	5	2	1	3	3	1	1	3	1	1	2	3	1	0	0	1	60
388628	1	1	1	0	1	1	0	1	1	2	2	1	1	1	1	4	1	1	2	2	0	1	1	1	1	1	1	1	5	2	1	3	3	1	1	3	1	1	2	3	1	0	0	1	60
388359	1	1	1	0	1	1	0	1	1	2	2	1	1	1	1	4	1	1	2	2	0	1	1	1	1	1	1	1	5	2	1	3	3	1	1	3	1	1	2	3	1	0	0	1	60
388308	1	1	1	0	1	1	0	1	1	2	2	1	1	1	1	4	1	1	2	2	0	1	1	1	1	1	1	1	5	2	1	3	3	1	1	3	1	1	2	3	1	0	0	1	60
388286	1	1	1	0	1	1	0	1	1	2	2	1	1	1	1	4	1	1	2	2	0	1	1	1	1	1	1	1	5	2	1	3	3	1	1	3	1	1	2	3	1	0	0	1	60
388256	1	1	1	0	1	1	0	1	1	2	1	1	1	1	1	3	1	1	2	2	0	1	1	1	1	1	1	1	5	2	1	3	3	1	1	3	1	1	2	3	1	0	0	1	58
388954	1	1	1	0	1	1	0	1	1	2	2	1	1	1	1	4	1	1	2	2	0	1	1	1	1	1	1	1	5	2	1	3	3	1	1	3	1	1	2	3	1	0	0	1	60
388356	1	1	1	0	1	1	0	1	1	2	2	1	1	1	1	4	1	1	2	2	0	1	1	1	1	1	1	1	5	2	1	3	3	1	1	3	1	1	2	3	1	0	0	1	60
388578	1	1	1	0	1	1	0	1	1	2	2	1	1	1	1	4	1	1	2	2	0	1	1	1	1	1	1	1	5	2	1	3	3	1	1	3	1	1	2	3	1	0	0	1	60
388587	1	1	1	0	1	1	0	1	1	2	2	1	1	1	1	4	1	1	2	2	0	1	1	1	1	1	1	1	5	2	1	3	3	1	1	3	1	1	2	3	1	0	0	1	60
388237	1	1	1	0	1	1	0	1	1	2	2	1	1	1	1	4	1	1	2	2	0	1	1	1	1	1	1	1	5	2	1	3	3	1	1	3	1	1	2	3	1	0	0	1	60
388248	1	1	1	0	1	1	0	1	1	2	2	1	1	1	1	4	1	1	2	2	0	1	1	1	1	1	1	1	5	2	1	3	3	1	1	3	1	1	2	3	1	0	0	1	60
388591	1	1	1	0	1	1	0	1	1	2	2	1	1	1	1	4	1	1	2	2	0	1	1	1	1	1	1	1	5	2	1	3	3	1	1	3	1	1	2	3	1	0	0	1	60
388473	1	1	1	0	1	1	0	1	1	2	2	1	1	1	1	4	1	1	2	2	0	1	1	1	1	1	1	1	5	2	1	3	3	1	1	3	1	1	2	3	1	0	0	1	60
388536	1	1	1	0	1	1	0	1	1	2	2	1	1	1	1	4	1	1	2	2	0	1	1	1	1	1	1	1	5	2	1	3	3	1	1	3	1	1	2	3	1	0	0	1	60
388314	1	1	1	0	1	1	0	1	1	2	2	1	1	1	1	4	1	1	2	2	0	1	1	1	1	1	1	1	5	2	1	3	3	1	1	3	1	1	2	3	1	0	0	1	60
388300	1	1	1	0	1	1	0	1	1	2	2	1	1	1	1	4	1	1	2	2	0	1	1	1	1	1	1	1	5	2	1	3	3	1	1	3	1	1	2	3	1	0	0	1	60
388545	1	1	1	0	1	1	0	1	1	2	2	1	1	1	1	4	1	1	2	2	0	1	1	1	1	1	1	1	5	2	1	3	3	1	1	3	1	1	2	3	1	0	0	1	60
390193	1	1	1	1	2	1	0	1	1	1	2	1	1	1	1	4	1	1	2	1	0	1	1	1	2	1	1	1	5	2	1	3	3	1	2	3	1	1	2	2	1	0	0	1	61
390326	1	1	1	1	2	1	0	1	1	0	2	1	1	1	1	4	1	1	2	1	0	1	1	1	1	1	1	1	5	2	1	3	4	1	2	3	1	1	2	2	1	0	0	1	60
390261	1	1	1	1	2	1	0	1	1	0	2	1	1	1	1	4	1	1	2	1	0	1	1	1	1	1	1	1	5	2	1	3	4	1	2	3	1	1	2	2	1	0	0	1	60
388378	1	1	1	0	1	1	0	1	1	2	2	1	1	1	1	3	0	1	2	2	0	1	1	1	1	1	1	1	5	1	1	3	3	1	1	3	1	1	2	3	1	0	0	1	57
388413	1	1	1	1	2	1	0	1	1	1	2	1	1	1	1	3	1	1	2	1	0	1	1	1	1	1	1	1	5	2	1	3	2	1	1	3	1	1	1	3	1	1	1	1	59
388315	1	1	1	1	2	0	0	1	1	1	2	1	1	1	1	4	0	1	2	1	0	1	1	1	1	1	1	1	5	2	1	3	2	1	1	3	1	1	1	3	1	1	1	1	58
388602	1	1	1	1	2	1	0	1	1	1	2	1	1	1	1	3	0	1	2	1	0	1	1	1	1	1	1	1	5	2	1	3	2	1	1	3	1	1	1	3	1	0	0	1	56
388481	1	1	1	1	2	1	0	1	1	1	2	1	1	1	1	3	0	1	2	1	0	1	1	1	1	1	1	1	4	2	1	3	2	1	1	2	1	1	1	3	1	0	0	1	54
388321	1	1	1	1	2	1	0	1	1	1	2	1	1	1	1	3	1	1	2	1	0	1	1	1	1	1	1	1	5	2	1	3	2	1	1	3	1	1	1	3	1	0	0	1	57
388525	1	1	1	1	2	1	0	1	1	1	2	1	1	1	1	3	1	1	2	1	0	1	1	1	1	1	1	1	5	2	1	3	2	1	1	3	1	1	1	3	1	0	0	1	57
388398	1	1	1	1	2	1	0	1	1	1	2	1	1	1	1	3	1	1	2	1	0	1	1	1	1	1	1	1	5	2	1	3	2	1	1	3	1	1	1	3	1	0	0	1	57
390195	1	1	1	1	1	1	0	1	1	2	2	1	1	1	1	3	1	1	2	2	0	1	1	1	1	1	1	1	5	1	1	3	2	1	1	3	1	1	2	3	1	1	1	1	60
388558	1	1	1	1	1	1	0	1	1	1	2	1	1	1	1	3	1	1	2	1	0	1	1	1	1	1	1	1	5	1	1	3	2	1	1	3	1	1	2	2	1	1	1	1	57
388275	1	1	1	1	1	1	0	1	1	2	2	1	1	1	1	3	1	1	2	2	0	1	1	1	1	1	1	1	5	1	1	3	1	1	1	3	1	1	2	3	1	1	1	1	59
390694	1	1	1	2	1	1	0	1	1	2	2	1	1	1	1	4	1	1	2	1	0	1	1	1	1	1	1	1	5	1	1	3	2	1	2	3	1	1	2	3	1	0	0	1	60
390167	1	1	1	0	2	1	0	1	1	2	2	1	1	1	1	3	1	1	2	1	0	1	1	1	1	1	1	1	5	1	1	3	3	1	1	4	1	1	1	3	1	1	1	2	61
390306	1	1	1	0	1	1	0	1	1	1	2	1	1	1	1	3	1	1	2	1	0	1	1	1	1	1	1	1	5	2	1	3	2	1	1	3	1	1	2	3	1	0	0	1	56
390289	1	1	1	0	1	1	0	1	1	1	2	1	1	1	1	3	1	1	2	1	0	1	1	1	1	1	1	1	5	2	1	3	2	1	1	3	1	1	2	3	1	0	0	1	56
390255	1	1	1	1	1	1	0	1	1	2	2	1	1	1	1	3	1	1	2	2	0	1	1	1	1	1	1	1	5	1	1	3	2	1	1	3	1	1	2	3	1	1	1	1	60
390341	1	1	1	1	1	1	0	1	1	2	2	1	1	1	1	3	1	1	2	2	0	1	1	1	1	1	1	1	5	1	1	3	2	1	1	3	1	1	2	3	1	1	1	1	60
390670	1	1	1	2	1	1	0	1	1	2	2	1	1	1	1	4	1	1	2	1	0	1	1	1	1	1	1	1	5	1	1	3	2	1	2	3	1	1	2	3	1	0	0	1	60
388777	1	1	1	0	2	1	0	1	2	1	2	0	0	1	1	3	1	1	2	1	0	0	2	0	1	1	1	1	6	0	1	3	1	1	1	3	1	1	1	3	2	0	0	0	52
388317	1	1	1	0	2	1	0	1	0	1	1	0	0	0	1	3	0	1	1	0	0	1	2	0	0	0	0	0	5	0	1	3	1	0	1	3	0	0	2	4	2	0	0	1	41
388916	0	1	1	0	0	1	0	1	1	0	2	1	0	0	0	0	0	1	1	0	0	0	1	0	2	1	0	1	3	1	2	4	0	0	1	1	1	0	2	2	0	0	0	0	32
388657	1	0	1	0	1	1	0	1	1	1	1	0	1	1	1	3	1	0	1	1	0	1	2	0	1	1	1	1	5	0	1	2	1	0	0	3	1	1	1	0	2	0	0	0	41
388437	1	1	1	0	2	1	0	1	0	0	1	0	0	1	1	2	1	1	2	1	0	1	1	1	1	1	1	1	4	1	1	3	1	1	1	3	1	1	2	1	1	0	0	1	46
390200	2	1	1	1	1	1	0	1	0	1	1	0	0	1	1	2	0	1	1	0	0	1	1	0	1	1	1	1	2	1	1	2	4	1	1	2	1	1	1	3	1	1	0	0	44
390316	1	1	1	2	2	1	0	1	1	0	1	0	0	1	1	2	1	1	2	0	0	1	1	1	2	1	2	1	5	1	1	2	3	1	1	2	1	1	2	2	1	0	0	0	51
390243	1	1	1	1	2	1	0	1	1	0	1	0	0	1	1	2	1	1	2	0	0	1	1	1	1	3	1	1	4	1	1	2	2	1	1	2	1	1	2	2	1	0	0	0	48
390680	1	1	1	0	2	1	1	1	0	0	1	0	0	1	1	2	1	1	2	0	0	1	1	0	1	1	1	1	2	1	1	2	3	1	1	2	1	1	1	3	1	1	0	0	44
390713	1	1	1	0	2	1	1	1	0	0	1	0	0	1	1	2	1	1	2	0	0	1	1	0	1	1	1	1	2	1	1	2	3	1	1	2	1	1	1	3	1	1	0	0	44
390307	1	1	1	0	2	1	1	1	0	0	1	0	0	1	1	2	1	1	2	0	0	1	1	0	1	1	1	1	1	1	1	2	3	1	1	2	1	1	1	3	1	1	0	0	43
390710	1	1	0	0	2	1	0	1	0	0	1	0	0	1	1	3	1	1	1	0	0	1	1	1	1	1	1	1	2	1	1	2	2	1	1	2	1	1	2	2	1	1	0	0	42
388560	1	1	0	0	2	1	0	1	0	0	1	0	0	1	1	3	1	1	1	0	0	1	1	1	1	1	1	1	3	1	1	2	2	1	1	2	1	1	2	3	1	1	0	0	44
390252	1	1	1	0	2	1	0	1	0	0	1	0	0	1	1	2	1	1	2	0	0	1	1	0	1	1	1	1	2	1	1	2	2	1	1	2	1	1	2	3	1	1	0	0	43
388849	1	1	1	0	2	1	0	1	0	0	1	0	0	1	1	3	1	1	1	1	0	1	1	0	1	1	1	1	3	1	1	2	2	1	1	2	1	1	2	3	1	1	0	0	45
390168	1	1	1	0	2	1	0	1	0	0	1	0	0	1	1	3	1	1	1	1	0	1	1	0	1	1	1	1	3	1	1	2	2	1	1	2	1	1	2	3	1	1	0	0	45
388912	1	1	1	0	2	1	0	1	0	0	1	0	0	1	1	2	1	1	2	1	0	1	1	1	1	1	1	1	4	2	1	3	1	1	1	3	1	1	2	2	1	0	0	1	48
388532	0	0	0	0	0	0	0	0	0	0	0	0	0	0	0	0	0	0	0	0	0	0	0	0	0	1	0	0	0	0	0	0	0	0	0	0	0	0	0	0	0	0	0	0	1
388895	0	0	0	0	0	0	0	0	0	0	0	0	0	0	0	0	0	0	0	0	0	0	0	0	0	1	0	0	0	0	0	0	0	0	0	0	0	0	0	0	0	0	0	0	1
388605	0	0	0	0	0	0	0	0	0	0	0	0	0	0	0	0	0	0	0	0	0	0	0	0	0	1	0	0	0	0	0	0	0	0	0	0	0	0	0	0	0	0	0	0	1
388546	0	0	0	0	0	0	0	0	0	0	0	0	0	0	0	0	0	0	0	0	0	0	0	0	0	1	0	0	0	0	0	0	0	0	0	0	0	0	0	0	0	0	0	0	1
388952	0	0	0	0	0	0	0	0	0	0	0	0	0	0	0	0	0	0	0	0	0	0	0	0	0	1	0	0	0	0	0	0	0	0	0	0	0	0	0	0	0	0	0	0	1
388291	0	0	0	0	0	0	0	0	0	0	0	0	0	0	0	0	0	0	0	0	0	0	0	0	0	1	0	0	0	0	0	0	0	0	0	0	0	0	0	0	0	0	0	0	1
390346	0	0	0	0	0	0	0	0	0	1	0	0	0	0	0	0	0	0	0	0	0	0	0	0	0	0	0	0	0	0	0	0	0	0	0	0	0	0	0	0	0	0	0	0	1
388207	0	0	0	0	0	0	0	0	0	0	0	0	0	0	0	0	0	1	1	0	0	0	0	0	1	0	0	0	0	0	0	0	0	0	0	0	0	0	0	0	0	0	0	0	3
388420	0	0	1	0	0	0	0	0	0	1	0	0	0	0	0	0	0	0	0	0	0	0	0	1	1	1	0	0	1	0	0	0	0	0	0	0	0	0	0	0	0	0	0	1	7
388379	0	0	1	0	1	0	0	0	0	1	0	0	0	0	0	0	0	0	0	0	0	0	0	1	1	1	1	0	1	0	1	0	0	0	0	0	0	0	0	0	0	0	0	0	9
388281	0	0	1	0	0	1	0	0	0	0	0	0	0	0	0	0	0	0	0	0	0	0	0	1	1	1	0	1	1	0	0	0	0	0	0	0	0	0	0	0	0	0	0	0	7
388814	0	0	0	0	0	0	0	0	0	0	0	0	0	0	0	0	0	0	0	0	0	0	0	0	1	1	0	0	1	0	0	0	0	0	0	0	0	0	0	0	0	0	0	1	4
388426	0	0	0	1	0	0	0	0	0	0	0	0	0	0	0	0	0	0	0	0	0	0	0	1	0	0	0	0	1	0	0	0	0	0	0	0	0	0	0	0	0	0	0	1	4
388668	0	0	1	0	0	1	0	0	0	0	0	0	0	0	0	0	0	0	0	0	0	0	0	0	1	1	0	1	1	0	0	0	0	0	0	0	0	0	0	0	0	0	0	1	7
388534	0	0	1	0	0	0	0	0	0	1	0	0	0	0	0	0	0	0	0	0	0	0	0	1	1	1	0	0	1	0	0	0	0	0	0	0	0	0	0	0	0	0	0	0	6
388537	1	0	1	1	1	0	0	0	0	1	1	1	1	0	0	3	0	0	0	1	0	1	1	0	0	1	0	0	2	1	0	1	3	0	0	1	0	0	1	2	1	0	0	1	28
388951	2	1	2	2	1	1	1	0	0	3	2	0	0	1	1	12	1	1	2	1	0	3	2	1	1	1	1	1	6	4	4	3	7	1	2	2	1	1	1	2	1	2	1	1	83
388908	2	1	2	2	1	1	1	0	0	3	1	0	0	0	1	10	1	1	2	1	0	3	2	1	1	1	1	1	6	3	4	3	6	1	1	1	1	0	1	4	1	1	1	2	76
388499	2	1	1	3	1	1	1	0	0	3	5	0	0	0	1	12	1	1	2	1	0	3	2	1	1	0	1	1	5	3	2	3	7	1	1	2	1	1	1	3	1	1	1	1	79
388372	2	1	1	2	1	1	1	0	0	3	4	0	0	0	1	12	1	1	2	1	0	3	1	1	1	1	2	1	6	5	2	2	5	1	0	2	1	1	1	3	1	1	1	1	77
390678	2	1	1	3	1	1	1	0	0	2	2	0	0	0	1	6	1	1	2	1	0	3	2	1	1	1	1	1	5	4	2	2	5	1	1	2	1	1	2	3	1	1	1	3	71
388610	2	1	1	3	1	1	1	0	0	4	5	0	0	0	1	12	1	1	2	1	0	3	2	1	2	1	2	1	5	5	2	2	6	0	1	2	1	1	2	3	1	1	1	3	85
388249	2	1	2	2	1	1	1	0	0	5	3	0	0	0	1	12	1	1	2	1	0	3	2	1	1	1	1	1	6	3	4	3	7	1	2	1	1	0	1	2	1	2	1	1	82
388225	3	0	1	1	0	1	1	0	0	2	1	0	0	0	0	5	0	0	1	1	0	3	1	1	1	0	0	1	6	2	2	1	3	2	1	2	1	0	2	2	1	1	0	1	51
388708	2	1	0	1	0	1	1	0	0	1	1	1	1	0	1	2	0	0	0	1	0	2	1	1	0	1	1	1	2	2	1	0	2	0	0	1	0	0	1	2	1	1	1	1	36
388493	1	0	0	2	1	0	0	0	0	1	0	0	0	0	1	2	1	1	1	1	0	1	1	1	1	1	0	0	1	1	0	1	3	1	0	1	1	1	0	1	0	1	0	0	29
388652	2	0	0	0	1	1	0	0	0	2	1	0	0	0	0	7	1	1	1	1	0	3	1	1	1	1	1	0	3	2	2	0	1	0	0	3	1	1	1	3	1	0	1	0	45
388265	2	1	1	1	1	1	1	0	0	2	1	0	0	0	1	3	1	1	1	1	0	3	2	1	1	1	2	1	5	4	3	2	2	1	1	3	0	1	1	3	1	1	1	1	60
388630	1	1	1	2	0	1	0	0	0	1	1	0	0	0	1	4	1	1	1	1	0	1	2	1	1	1	2	1	2	2	2	1	2	1	1	2	1	0	1	3	1	1	1	1	48
388213	0	1	1	2	1	1	1	0	0	2	4	0	1	0	1	10	1	1	2	0	0	1	0	0	1	1	1	1	3	2	3	3	4	1	1	2	1	0	2	1	1	1	1	2	62
388724	2	1	1	2	1	1	1	0	0	3	2	1	1	0	1	5	1	1	2	1	0	3	2	1	1	1	1	1	4	3	2	2	3	1	1	2	1	1	1	3	1	1	1	1	65
388324	2	1	1	2	1	2	1	0	0	4	0	1	1	0	1	5	1	0	4	1	0	3	2	1	1	1	1	1	4	2	1	2	2	1	2	2	1	1	1	2	1	0	1	1	62
388446	2	1	1	2	1	1	1	0	0	4	2	1	1	0	1	5	1	1	2	1	0	3	2	1	1	1	1	1	4	3	2	2	3	1	1	2	1	1	1	3	1	1	1	1	66
388322	2	1	1	2	1	1	1	0	0	4	2	1	1	0	1	5	1	1	2	1	0	3	2	1	1	1	1	1	5	3	1	2	4	1	1	2	1	1	1	2	1	1	1	3	68
388593	2	1	1	2	1	1	1	0	0	2	1	1	1	0	1	5	1	1	2	1	0	3	2	1	1	1	1	1	4	3	1	3	3	1	2	4	1	1	1	3	1	1	1	1	66
390714	2	1	1	3	1	1	1	0	0	6	2	1	1	0	1	12	1	1	2	1	0	3	2	1	1	1	1	1	4	3	2	2	4	1	1	3	1	1	2	3	1	1	1	1	79
388282	2	1	1	2	1	1	1	0	0	4	0	1	1	0	1	5	1	1	2	1	0	3	2	1	1	1	1	1	4	3	1	2	4	1	1	2	1	1	1	2	1	1	1	3	65
390668	2	1	1	2	1	1	1	0	0	4	2	1	1	0	1	5	1	1	2	1	0	3	2	1	1	1	1	1	4	3	1	2	4	1	1	2	1	1	1	2	1	1	1	3	67
388531	2	1	2	3	1	1	1	0	0	2	3	1	1	0	1	8	1	1	2	1	0	3	2	1	1	1	1	1	4	3	4	2	4	1	1	3	1	1	1	3	1	1	1	1	74
390142	2	0	1	3	1	1	1	0	0	2	2	1	1	0	1	3	1	1	2	1	0	3	1	1	1	1	1	1	4	4	2	2	3	0	1	2	1	1	1	3	1	1	1	1	61
388809	2	1	1	3	1	1	1	0	0	2	2	1	1	0	1	3	1	1	2	1	0	3	1	1	1	1	1	1	4	4	2	2	3	1	1	2	1	1	1	3	1	1	1	1	63
388223	2	1	2	2	1	1	1	0	0	3	1	1	1	0	1	8	1	1	2	1	0	3	2	1	1	1	1	1	6	4	2	4	5	1	1	2	2	1	1	3	1	1	1	1	76
388230	2	1	2	2	1	1	1	0	0	3	0	0	0	0	1	8	1	1	2	1	0	3	2	1	1	0	1	1	5	4	3	3	3	1	1	2	1	1	1	3	1	2	1	1	69
390689	2	1	3	2	1	1	1	0	0	3	1	0	0	0	1	6	1	1	2	1	0	4	2	1	1	1	1	1	5	2	3	2	3	1	1	2	2	1	1	3	1	1	1	1	68
388596	1	2	1	2	1	2	2	0	0	2	2	2	1	0	1	0	1	1	3	1	0	2	1	1	1	2	1	1	4	1	3	3	1	1	1	2	1	1	1	3	1	1	0	1	59
388528	2	1	1	1	1	2	1	0	0	3	2	1	1	0	1	7	1	1	2	1	0	3	2	1	2	1	1	1	4	3	3	1	3	0	0	2	0	1	1	3	1	1	1	1	65
390162	3	1	1	1	1	1	1	0	0	1	1	1	1	1	1	2	1	1	2	1	0	4	2	1	1	1	1	1	5	2	2	2	1	1	1	2	1	1	1	3	1	1	1	1	59
390660	2	1	1	2	2	1	1	0	0	2	2	1	1	1	1	2	1	1	2	1	0	3	3	1	1	1	1	1	4	3	1	2	2	1	1	2	1	1	1	2	1	1	1	1	61
388735	2	1	1	1	1	1	2	0	0	3	2	2	1	0	1	7	1	1	2	1	0	3	2	1	2	1	1	1	4	4	3	2	3	1	1	2	1	1	1	3	1	1	1	1	71
388470	2	1	1	0	1	1	1	0	0	3	2	1	1	0	1	6	1	1	2	1	0	3	2	1	1	1	1	1	4	3	2	2	2	1	1	2	1	1	1	3	1	1	1	1	63
388252	2	1	1	2	1	1	1	0	0	4	2	0	0	0	1	14	1	1	2	1	0	3	2	1	1	1	2	1	6	5	2	2	4	1	1	2	1	1	1	3	1	1	1	1	79
388396	2	1	1	2	1	1	1	0	0	4	2	0	0	0	1	14	1	1	2	1	0	3	2	1	1	1	2	1	6	5	2	2	5	1	1	2	1	1	1	3	1	1	1	1	80
388572	0	0	0	0	0	0	0	0	0	0	0	0	0	0	1	0	0	0	0	0	0	0	0	0	1	1	0	1	0	1	0	2	1	1	1	2	0	1	0	0	0	1	0	1	15
388479	1	1	1	0	1	1	0	0	0	2	0	0	0	1	1	2	1	1	1	0	0	2	1	0	1	1	0	1	2	1	0	3	1	0	1	3	1	1	1	1	0	1	1	0	37
388805	1	1	1	0	1	1	0	0	0	1	1	0	0	1	1	3	1	1	1	0	0	1	1	0	1	1	0	1	1	0	0	2	1	1	0	1	1	0	0	0	0	1	0	1	29
388715	1	0	1	0	1	1	0	0	0	0	0	0	0	1	1	4	1	1	2	0	0	1	2	1	2	0	1	0	1	1	0	0	2	1	2	3	2	0	1	0	0	0	1	2	37
388390	1	1	1	0	1	1	0	0	0	1	2	0	0	1	1	3	1	1	1	0	0	1	1	0	1	1	0	1	2	1	0	2	1	1	1	2	1	1	0	0	1	1	1	1	37
388852	0	1	1	0	0	1	0	0	0	1	1	0	0	1	1	1	0	0	0	0	0	0	0	0	1	1	0	1	2	0	0	2	0	1	0	1	0	1	0	0	0	1	1	0	20
388340	0	1	1	0	1	1	0	0	0	1	2	0	0	1	1	2	0	0	0	0	0	1	0	0	1	1	0	1	1	1	0	2	1	1	1	2	1	1	0	0	0	1	1	1	29
388440	1	1	1	0	1	1	0	0	0	1	1	0	0	1	1	2	1	1	1	0	0	1	1	0	1	0	0	0	1	1	0	2	1	0	1	3	1	0	0	1	1	1	0	1	31
390329	1	1	1	1	2	1	0	0	0	1	2	0	0	1	1	6	1	1	1	0	0	1	1	0	1	1	0	1	3	2	0	2	1	1	1	3	1	1	2	2	1	1	1	1	49
388942	2	2	2	2	4	2	0	0	0	2	4	0	0	1	2	10	2	2	2	0	0	2	2	0	2	2	0	2	6	4	0	4	3	2	2	6	2	2	4	4	2	2	2	2	96
388277	1	0	1	0	2	1	0	0	0	1	1	0	0	0	1	0	1	0	1	0	0	1	1	0	1	1	0	1	2	1	0	2	1	1	1	3	0	0	0	0	0	1	1	1	29
388491	1	1	1	0	2	1	0	0	0	1	1	0	0	1	1	4	1	1	1	0	0	1	1	0	1	1	0	1	3	2	0	2	1	1	1	3	1	1	0	1	0	1	1	1	41
388752	1	1	1	0	2	1	0	0	0	1	2	0	0	1	1	4	1	1	1	0	0	1	1	0	1	1	0	1	3	2	0	2	1	1	1	3	1	1	2	2	1	1	1	1	46
388366	1	1	1	0	2	1	0	0	0	1	2	0	0	1	1	4	1	1	1	0	0	1	1	0	1	1	0	1	3	1	0	2	1	1	1	3	1	1	2	2	1	1	1	1	45
388773	1	1	1	1	0	0	0	0	0	0	1	0	0	0	0	5	1	1	1	0	0	1	1	0	0	0	0	1	1	1	0	0	0	1	0	0	1	0	0	1	1	1	0	0	23
388395	1	1	1	1	2	1	0	0	0	1	2	0	0	0	1	5	1	1	1	0	0	1	1	0	1	1	0	1	3	2	0	2	2	1	1	3	1	1	2	2	1	1	1	1	48
390174	1	1	1	1	2	1	0	0	0	1	2	0	0	1	1	5	1	1	1	0	0	1	1	0	1	1	1	1	2	2	0	2	2	1	1	3	1	1	2	2	1	1	1	1	49
388218	1	0	1	2	2	0	0	0	3	1	1	0	0	0	0	3	0	0	0	0	0	0	0	1	1	1	0	0	4	3	2	0	0	0	0	0	0	1	0	0	0	0	0	0	27
390204	0	0	1	2	2	0	0	0	3	1	1	0	1	0	0	3	0	0	0	0	0	0	0	1	1	2	0	0	3	4	2	0	0	0	0	0	1	1	2	2	1	0	0	0	34
390267	1	1	2	1	2	1	0	0	0	1	1	0	1	0	1	3	1	0	2	0	1	1	1	1	1	1	1	0	1	3	1	2	2	1	1	2	1	1	0	2	1	1	1	2	47
390147	1	1	1	0	2	1	0	0	1	2	2	0	0	0	1	3	1	0	2	0	1	1	1	1	1	1	0	1	1	1	1	2	1	1	1	2	1	1	2	2	1	1	1	2	46
390343	1	1	1	0	1	1	0	0	1	2	1	0	0	0	1	3	1	0	1	0	1	2	1	1	1	1	0	1	2	1	1	2	2	1	1	2	1	1	2	2	1	1	1	2	46
390340	1	1	1	0	2	1	0	0	1	2	1	0	0	0	1	3	1	0	2	0	1	2	1	1	1	1	0	1	1	1	1	2	2	1	1	1	1	1	2	2	1	1	0	2	45
390302	1	1	1	0	1	1	0	0	1	2	1	0	0	0	1	3	1	0	2	0	1	1	1	1	1	1	0	1	1	1	1	2	2	1	1	2	1	1	1	2	1	1	1	2	44
390331	1	1	1	1	1	1	0	0	1	2	1	0	0	1	1	3	1	0	1	0	1	2	1	1	1	1	0	1	1	1	1	2	1	1	1	2	1	0	2	2	1	1	0	1	43
390186	1	1	1	0	1	1	0	0	1	1	1	0	0	0	1	3	1	0	2	0	1	2	1	0	1	1	0	1	1	1	1	2	1	1	1	1	1	1	2	2	1	0	0	1	39
390684	1	1	1	0	2	1	0	0	1	2	1	0	0	0	1	3	1	0	1	0	1	2	1	1	1	1	0	1	3	1	1	2	2	1	1	2	1	1	2	2	1	1	1	2	48
388386	0	0	1	0	1	0	0	0	0	1	0	0	0	0	0	3	0	0	0	0	0	1	0	0	0	0	0	1	1	0	1	1	0	0	1	0	0	0	0	0	0	1	0	1	14
388486	0	1	1	1	0	1	0	0	1	0	0	0	0	0	0	0	1	0	1	0	0	0	0	0	0	0	0	1	0	0	1	1	0	1	0	0	0	1	0	0	0	0	0	1	13
390308	1	1	1	0	1	1	0	0	1	2	1	0	0	0	1	3	1	0	2	0	1	1	1	1	1	1	0	1	1	1	1	2	2	1	1	1	1	1	1	2	1	1	0	2	42
390663	1	1	1	1	2	0	0	0	2	1	1	0	0	0	1	5	1	1	2	0	1	1	1	1	1	1	0	0	3	3	1	2	1	1	1	2	0	1	0	0	0	0	0	0	41
390185	1	1	1	1	2	1	0	0	3	1	1	0	1	0	1	4	1	1	2	0	1	1	1	1	1	1	0	1	4	5	1	2	1	1	1	3	1	1	2	2	1	0	0	1	55
390194	1	1	1	0	2	1	0	0	3	1	1	0	1	0	1	4	1	1	2	0	1	1	1	1	1	1	0	1	5	5	1	2	1	1	1	3	1	1	2	2	1	0	0	1	55
390333	1	0	1	0	2	0	0	0	2	1	1	0	0	0	1	5	0	0	1	0	0	0	0	1	1	1	0	0	3	3	1	1	0	0	0	1	0	1	0	0	0	0	0	0	28
390238	2	1	1	1	2	1	0	0	2	1	1	0	1	0	1	5	1	1	2	0	1	1	1	1	1	1	0	1	4	3	0	3	1	1	1	3	0	1	0	0	0	0	0	1	48
390314	1	0	1	0	2	0	0	0	5	1	1	0	0	0	0	3	0	0	1	0	0	0	0	1	1	1	0	0	4	2	1	0	0	0	0	0	0	1	0	0	0	0	0	0	26
390265	2	1	1	1	2	1	0	0	4	1	1	0	1	0	1	4	1	1	2	0	1	1	1	1	1	1	0	1	4	3	0	3	1	1	1	3	1	1	2	2	1	0	0	1	55
390305	1	0	1	3	2	0	0	0	3	1	1	0	0	0	0	3	0	0	0	0	0	0	0	1	1	1	0	0	3	1	0	0	0	0	0	0	0	1	0	0	0	0	0	0	23
390152	1	1	1	2	2	1	0	0	1	1	1	0	1	1	1	3	1	0	2	0	1	1	1	1	1	1	0	1	1	1	0	2	1	1	1	2	1	1	1	2	1	1	0	0	43
388549	1	1	1	1	2	1	0	0	1	1	1	0	1	1	1	3	1	0	1	0	1	1	1	0	1	1	0	1	1	1	0	2	1	1	1	2	1	1	1	2	1	0	0	0	39
390213	1	0	1	2	1	1	1	0	1	0	1	0	1	1	1	2	1	0	1	0	1	1	1	0	1	1	0	1	2	1	0	2	1	1	1	2	1	1	2	2	1	1	0	1	41
390237	2	1	2	2	1	1	1	0	0	2	2	1	1	0	1	3	1	1	2	1	0	3	2	1	1	1	1	1	4	4	2	2	4	1	1	2	1	1	1	2	1	1	1	2	65
390171	0	0	1	1	3	0	0	0	1	1	1	0	0	0	0	1	0	0	0	0	0	0	0	1	1	1	0	0	3	3	0	0	0	0	0	0	0	1	0	0	0	0	0	0	19
390294	0	0	1	2	3	0	0	0	1	1	1	0	0	0	0	1	0	0	1	0	0	0	0	1	1	1	0	0	3	3	0	0	0	0	0	0	0	1	0	0	0	0	0	0	21
388620	1	1	1	1	2	1	0	0	0	1	2	0	0	0	1	2	1	0	1	0	1	1	1	0	1	1	0	1	1	1	1	2	2	1	1	2	1	1	2	2	1	1	1	1	42
388781	1	1	1	1	1	1	0	0	0	1	3	0	1	0	1	3	1	0	1	0	1	1	1	1	1	1	0	1	2	2	1	2	2	1	1	2	1	1	2	2	1	1	1	1	47
388614	1	0	1	1	0	1	0	0	0	1	3	0	1	0	1	2	1	0	1	0	0	1	1	1	1	0	0	1	2	1	1	1	2	1	1	2	1	1	2	2	1	1	0	2	40
390153	1	1	1	1	1	1	0	0	0	1	3	0	0	0	1	4	1	0	1	0	1	1	1	1	1	1	0	1	2	2	1	2	5	1	1	2	1	1	1	2	1	1	1	1	49
390275	1	1	1	1	1	1	0	0	0	1	2	0	0	0	1	4	1	0	1	0	1	1	1	1	1	1	0	1	2	2	1	2	5	1	1	2	1	1	1	2	1	1	1	1	48
391671	1	1	1	1	1	1	0	0	0	1	3	0	0	0	1	4	1	0	1	0	1	1	1	1	1	1	0	1	2	2	1	2	5	1	1	2	1	1	1	2	1	1	1	1	49
390273	1	1	1	1	1	1	0	0	0	1	3	0	0	0	1	4	1	0	1	0	1	1	1	1	1	1	0	1	2	2	1	2	5	1	1	2	1	1	1	2	1	1	1	1	49
390311	1	1	1	1	1	1	0	0	0	1	3	0	0	0	1	4	1	0	1	0	1	1	1	1	1	1	0	1	2	2	1	2	5	1	1	2	1	1	1	2	1	1	1	1	49
390324	1	1	1	1	1	1	0	0	0	1	3	0	0	0	1	4	1	0	1	0	1	1	1	1	1	1	0	1	2	2	1	2	5	1	1	2	1	1	1	2	1	1	1	1	49
390182	1	1	1	1	1	1	0	0	0	1	3	0	0	0	1	4	1	0	1	0	1	1	1	1	1	1	0	1	2	2	1	2	5	1	1	2	1	1	1	2	1	1	1	1	49
388714	1	1	1	1	1	1	0	0	0	1	3	0	0	0	1	4	1	0	1	0	1	1	1	1	1	1	0	1	2	2	1	2	5	1	1	2	1	1	1	2	1	1	1	1	49
388503	1	1	1	1	1	1	0	0	0	1	3	0	0	0	1	4	1	0	1	0	1	1	1	1	1	1	0	1	2	2	1	2	5	1	1	2	1	1	1	2	1	1	1	1	49
388214	1	1	1	1	1	1	0	0	0	1	3	0	0	0	1	4	1	0	1	0	1	1	1	1	1	1	0	1	2	2	1	1	5	1	1	2	1	1	1	2	1	1	1	1	48
388527	1	1	1	1	1	1	0	0	0	1	3	0	0	0	1	4	1	0	1	0	1	1	1	1	1	1	0	1	2	2	1	2	5	1	1	2	1	1	1	2	1	1	1	1	49
388903	1	1	1	1	1	1	0	0	0	1	3	0	0	0	1	4	1	0	1	0	1	1	1	1	1	1	0	1	2	2	1	2	5	1	1	2	1	1	1	2	1	1	1	1	49
388229	1	1	1	1	1	1	0	0	0	1	3	0	0	0	1	4	1	0	1	0	1	1	1	1	1	1	0	1	2	2	1	2	4	1	1	2	1	1	1	2	1	1	1	1	48
388597	1	1	1	1	1	1	0	0	0	1	3	0	0	0	1	4	1	0	1	0	1	1	1	1	1	1	0	1	2	2	1	2	6	1	1	2	1	1	1	2	1	1	1	1	50
388221	1	1	1	1	1	1	0	0	0	1	3	0	0	0	1	4	1	0	1	0	1	1	1	1	1	1	0	1	2	2	1	2	5	1	1	2	1	1	1	2	1	1	1	1	49
388353	1	1	1	1	1	1	0	0	0	1	2	0	0	0	1	4	1	0	1	0	1	1	1	1	1	1	0	1	2	2	1	2	5	1	1	2	1	1	1	2	1	1	1	1	48
388219	1	1	1	1	1	1	0	0	0	1	3	0	0	0	1	4	1	0	1	0	1	1	1	1	1	1	0	1	2	2	1	2	5	1	1	2	1	1	1	2	1	1	1	1	49
388875	1	1	1	1	1	1	0	0	0	1	2	0	0	0	1	4	1	0	1	0	1	1	1	1	1	1	0	1	2	2	1	2	5	1	1	2	1	1	1	2	1	1	1	1	48
388267	1	1	1	1	1	1	0	0	0	1	3	0	0	0	1	4	1	0	1	0	1	1	1	1	1	1	0	1	2	2	1	2	5	1	1	2	1	1	1	2	1	1	1	1	49
388370	1	1	1	1	1	1	0	0	0	1	3	0	0	0	1	4	1	0	1	0	1	1	1	1	1	1	0	1	2	2	1	2	5	1	1	2	1	1	1	2	1	1	1	1	49
388467	1	1	1	1	1	1	0	0	0	1	3	0	0	0	1	4	1	0	1	0	1	1	1	1	1	1	0	1	2	2	1	2	5	1	1	2	1	1	1	2	1	1	1	1	49
388634	1	1	1	1	1	1	0	0	0	1	3	0	0	0	1	4	1	0	1	0	1	1	1	1	1	1	0	1	2	2	1	2	5	1	1	2	1	1	1	2	1	1	1	1	49
388663	1	1	1	1	1	1	0	0	0	1	2	0	0	0	1	4	1	0	1	0	1	1	1	1	1	1	0	1	2	2	1	2	5	1	1	2	1	1	1	2	1	1	1	1	48
388619	1	1	1	1	1	1	0	0	0	1	3	0	0	0	1	4	1	0	1	0	1	1	1	1	1	1	0	1	2	2	1	2	5	1	1	2	1	1	1	2	1	1	1	1	49
388691	1	1	1	1	1	1	0	0	0	1	3	0	0	0	1	4	1	0	1	0	1	1	1	1	1	1	0	1	2	2	1	2	5	1	1	2	1	1	1	2	1	1	1	1	49
388409	1	1	1	1	1	1	0	0	0	1	3	0	0	0	1	4	1	0	1	0	1	1	1	1	1	1	0	1	2	2	1	2	4	1	1	2	1	1	1	2	1	1	1	1	48
388815	1	1	1	1	1	1	0	0	0	1	3	0	0	0	1	4	1	0	1	0	1	1	1	1	1	1	0	1	2	2	1	2	5	1	1	2	1	1	1	2	1	1	1	1	49
388955	1	1	1	1	1	1	0	0	0	1	3	0	0	0	1	4	1	0	1	0	1	1	1	1	1	1	0	1	2	2	1	2	5	1	1	2	1	1	1	2	1	1	1	1	49
388937	1	1	1	1	1	1	0	0	0	1	3	0	0	0	1	4	1	0	1	0	1	1	1	1	1	1	0	1	2	2	1	2	5	1	1	2	1	1	1	2	1	1	1	1	49
388779	1	1	1	1	1	1	0	0	0	1	3	0	0	0	1	3	1	0	1	0	1	1	1	1	1	1	0	1	2	2	1	2	5	1	1	2	1	1	1	2	1	1	1	1	48
388645	1	1	1	1	1	1	0	0	0	1	3	0	0	0	1	4	1	0	1	0	1	1	1	1	1	1	0	1	2	2	1	2	5	1	1	2	1	1	1	2	1	1	1	1	49
388576	1	1	1	1	1	1	0	0	0	1	3	0	0	0	1	4	1	0	1	0	1	1	1	1	1	1	0	1	2	2	1	2	5	1	1	2	1	1	1	2	1	1	1	1	49
388608	1	1	1	1	1	1	0	0	0	1	3	0	0	0	1	4	1	0	1	0	1	1	1	1	1	1	0	1	2	2	1	2	5	1	1	2	1	1	1	2	1	1	1	1	49
388518	1	1	1	1	1	1	0	0	0	1	3	0	0	0	1	4	1	0	1	0	1	1	1	1	1	1	0	1	2	2	1	2	5	1	1	2	1	1	1	2	1	1	1	1	49
388562	1	1	1	1	1	1	0	0	0	1	3	0	0	0	1	4	1	0	1	0	1	1	1	1	1	1	0	1	2	2	1	2	5	1	1	2	1	1	1	2	1	1	1	1	49
388519	1	1	1	1	1	1	0	0	0	1	3	0	0	0	1	4	1	0	1	0	1	1	1	1	1	1	0	1	2	2	1	2	5	1	1	2	1	1	1	2	1	1	1	1	49
388621	1	1	1	1	1	1	0	0	0	1	3	0	0	0	1	4	1	0	1	0	1	1	1	1	1	1	0	1	2	2	1	2	5	1	1	2	1	1	1	2	1	1	1	1	49
388522	1	1	1	1	1	1	0	0	0	1	3	0	0	0	1	4	1	0	1	0	1	1	1	1	1	1	0	1	2	2	1	2	5	1	1	2	1	1	1	2	1	1	1	1	49
388930	1	1	1	1	1	1	0	0	0	1	3	0	0	0	1	4	1	0	1	0	1	1	1	1	1	1	0	1	2	2	1	2	5	1	1	2	1	1	1	2	1	1	1	1	49
388862	1	1	1	1	1	1	0	0	0	1	3	0	0	0	1	4	1	0	1	0	1	1	1	1	1	1	0	1	2	2	1	2	5	1	1	2	1	1	1	2	1	1	1	1	49
388347	1	1	1	1	1	1	0	0	0	1	3	0	0	0	1	4	1	0	1	0	1	1	1	1	1	1	0	1	2	2	1	2	5	1	1	2	1	1	1	2	1	1	1	1	49
388309	1	1	1	1	1	1	0	0	0	1	3	0	0	0	1	4	1	0	1	0	1	1	1	1	1	1	0	1	2	2	1	2	5	1	1	2	1	1	1	2	1	1	1	1	49
388607	1	1	1	1	1	1	0	0	0	1	3	0	0	0	1	4	1	0	1	0	1	1	1	1	1	1	0	1	2	2	1	2	5	1	1	2	1	1	1	2	1	1	1	1	49
388616	1	1	1	1	1	1	0	0	0	1	3	0	0	0	1	4	1	0	1	0	1	1	1	1	1	1	0	1	2	2	1	2	5	1	1	2	1	1	1	2	1	1	1	1	49
388709	1	1	1	1	1	1	0	0	0	1	3	0	0	0	1	4	1	0	1	0	1	1	1	1	1	1	0	1	2	2	1	2	5	1	1	2	1	1	1	2	1	1	1	1	49
388419	1	1	1	1	1	1	0	0	0	1	3	0	0	0	1	4	1	0	1	0	1	1	1	1	1	1	0	1	2	2	1	2	5	1	1	2	1	1	1	2	1	1	1	1	49
388832	1	1	1	1	1	1	0	0	0	1	2	0	0	0	1	4	1	0	1	0	1	1	1	1	1	1	0	1	2	2	1	2	5	1	1	2	1	1	1	2	1	1	1	1	48
388626	1	1	1	1	1	1	0	0	0	1	3	0	0	0	1	4	1	0	1	0	1	1	1	1	1	1	0	1	2	2	1	2	5	1	1	2	1	1	1	2	1	1	1	1	49
388529	1	1	1	1	1	1	0	0	0	1	3	0	0	0	1	4	1	0	1	0	1	1	1	1	1	1	0	1	2	2	1	2	5	1	1	2	1	1	1	2	1	1	1	1	49
388497	1	1	1	1	1	1	0	0	0	1	3	0	0	0	1	4	1	0	1	0	1	1	1	1	1	1	0	1	2	2	1	2	5	1	1	2	1	1	1	2	1	1	1	1	49
390332	1	1	1	1	1	1	0	0	0	2	3	0	1	0	1	6	1	0	2	0	1	1	1	1	1	1	0	1	3	2	3	2	5	2	1	2	1	1	1	2	1	1	1	1	58
390662	1	1	1	1	1	1	0	0	0	2	3	0	0	0	1	6	1	0	2	0	1	1	1	1	1	1	0	1	3	2	3	2	5	2	1	2	1	1	1	2	1	1	1	1	57
390141	1	1	1	1	1	1	0	0	0	1	3	0	1	0	1	5	1	0	2	0	1	1	1	1	1	1	0	1	3	2	3	2	5	2	1	2	1	1	1	2	1	1	1	1	56
390223	1	1	1	1	1	1	0	0	0	2	3	0	1	0	1	5	1	0	2	0	1	1	1	1	1	1	0	1	3	2	3	2	4	2	1	2	1	1	1	2	1	1	1	1	56
390309	1	1	1	1	1	1	0	0	0	2	2	0	1	0	1	5	1	0	2	0	1	1	1	1	1	1	0	1	3	2	3	2	4	2	1	2	1	1	1	2	1	1	1	1	55
388351	1	1	1	1	1	1	0	0	0	2	2	0	1	0	1	5	1	0	2	0	1	1	1	2	1	1	0	1	3	2	2	2	4	2	1	2	1	1	1	2	1	1	1	1	55
388784	1	1	1	1	1	1	0	0	0	2	3	0	1	0	1	5	1	0	2	0	1	1	1	1	1	1	0	1	3	2	3	2	4	2	1	2	1	1	1	2	1	1	1	1	56
388931	1	1	1	1	1	1	0	0	0	2	2	0	1	0	1	5	1	0	2	0	1	1	1	1	1	1	0	1	3	2	2	2	4	2	1	2	1	1	1	2	1	1	1	1	54
388946	1	1	1	1	1	1	0	0	0	2	3	0	1	0	1	5	1	0	2	0	1	1	1	1	1	1	0	1	3	2	2	2	4	2	1	2	1	1	1	2	1	1	1	1	55
390280	1	1	1	1	1	1	0	0	0	2	3	0	1	0	1	5	1	0	2	0	1	1	1	1	1	1	0	1	3	2	3	2	4	2	1	2	1	1	1	2	1	1	1	1	56
388215	1	1	1	1	1	1	0	0	0	2	3	0	1	0	1	5	1	0	2	0	1	1	1	1	1	1	0	1	3	2	3	2	5	1	1	2	1	1	1	2	1	1	1	1	56
388427	1	1	1	1	1	1	0	0	0	2	3	0	1	0	1	5	1	0	2	0	1	1	1	1	1	1	0	1	3	2	3	2	4	2	1	2	1	1	1	2	1	1	1	1	56
390344	1	1	1	1	1	1	0	0	0	2	3	0	1	0	1	5	1	0	2	0	1	1	1	1	1	1	0	1	3	2	2	2	5	2	1	2	1	1	1	2	1	1	1	1	56
388795	1	1	1	1	1	1	0	0	0	2	3	0	1	0	1	5	1	0	2	0	1	1	1	1	1	1	0	1	3	2	1	2	5	2	1	2	1	1	1	2	1	1	1	1	55
388494	1	1	1	1	1	1	0	0	0	2	2	0	1	0	1	5	1	0	2	0	1	1	1	1	1	1	0	1	3	2	3	2	4	2	1	2	1	1	1	2	1	1	1	1	55
388330	1	1	1	1	1	1	0	0	0	2	3	0	1	0	1	5	1	0	2	0	1	1	1	1	1	1	0	1	3	2	3	2	4	2	1	2	1	1	1	2	1	1	1	1	56
388244	1	1	1	1	1	1	0	0	0	2	3	0	1	0	1	5	1	0	2	0	1	1	1	1	1	1	0	1	3	2	3	2	4	2	1	2	1	1	1	2	1	1	1	1	56
390148	1	1	1	1	1	1	0	0	0	2	3	0	0	0	1	5	1	0	2	0	1	1	1	1	1	1	0	1	3	2	3	2	5	2	1	2	1	1	1	2	1	1	1	1	56
390151	1	1	1	1	1	1	0	0	0	2	3	0	1	0	1	5	1	0	2	0	1	1	1	1	1	1	0	1	3	2	3	2	5	2	1	2	1	1	1	2	1	1	1	1	57
390703	1	1	1	1	1	1	0	0	0	2	3	0	1	0	1	5	1	0	2	0	1	1	1	1	1	1	0	1	3	2	3	2	5	2	1	2	1	1	1	2	1	1	1	1	57
388677	1	0	1	1	1	1	0	0	0	1	3	0	1	0	1	4	1	0	2	0	1	2	1	1	2	2	0	1	1	2	0	2	4	1	1	1	1	0	2	2	1	1	2	2	51
390330	1	1	1	1	1	1	0	0	0	3	3	0	1	0	1	5	1	0	2	0	1	1	1	1	1	1	0	1	3	2	2	2	6	2	1	2	1	1	1	2	1	1	1	1	58
390297	1	1	1	1	1	1	0	0	0	3	3	0	1	0	1	5	1	0	2	0	1	1	1	1	1	1	0	1	3	2	3	2	6	2	1	2	1	1	1	2	1	1	1	1	59
388292	1	1	1	1	1	1	0	0	0	3	3	0	1	0	1	5	1	0	2	0	1	1	1	1	1	1	0	1	3	2	3	2	6	2	1	2	1	1	1	2	1	1	1	1	59
390325	1	1	1	1	1	1	0	0	0	4	3	0	1	0	1	5	1	0	2	0	1	1	1	1	1	1	0	1	3	2	3	2	8	3	1	2	1	1	1	2	1	1	1	1	63
390189	1	1	1	1	1	1	0	0	0	4	3	0	1	0	1	5	1	0	2	0	1	1	1	1	1	1	0	1	3	2	3	2	7	3	1	2	1	1	1	2	1	1	1	1	62
390179	1	1	1	1	1	1	0	0	0	3	3	0	1	0	1	5	1	0	2	0	1	1	1	1	1	1	0	1	3	2	3	2	6	2	1	2	1	1	1	2	1	1	1	1	59
390328	1	1	1	1	1	1	0	0	0	3	3	0	1	0	1	5	1	0	2	0	1	1	1	1	1	1	0	1	3	2	3	2	6	2	1	2	1	1	1	2	1	1	1	1	59
388944	1	1	1	1	1	1	0	0	0	2	3	0	0	0	1	4	1	0	1	0	1	1	1	1	1	2	0	1	1	2	0	2	4	1	1	2	1	0	1	2	1	1	1	3	49
390231	1	1	1	1	2	1	0	0	0	1	3	0	1	0	1	4	1	0	2	0	1	1	1	1	1	1	0	1	1	2	1	2	3	1	1	2	1	1	1	2	1	1	1	2	50
388436	1	1	1	0	2	1	0	0	0	1	1	0	0	1	1	4	1	1	1	0	0	1	1	0	1	1	0	1	2	1	0	2	1	1	1	3	0	1	0	0	0	1	1	1	37
388791	1	1	1	1	2	1	0	0	0	1	1	0	0	1	1	4	1	1	1	0	0	1	1	0	1	1	0	1	3	1	0	2	1	1	1	3	1	1	1	1	1	1	1	1	43
388451	1	1	0	0	1	1	0	0	0	1	0	0	0	1	1	4	1	1	1	0	0	1	1	0	1	0	0	1	1	1	0	2	1	1	1	3	0	0	0	0	0	1	0	1	30
388898	1	1	1	1	1	1	0	0	0	1	1	0	0	1	1	4	0	1	1	0	0	1	1	0	1	1	0	1	2	1	0	1	1	1	1	3	1	1	2	2	1	1	1	1	41
388622	1	1	1	1	2	1	0	0	0	3	0	0	0	0	0	2	1	1	1	1	0	1	1	0	0	1	0	1	2	2	0	1	1	1	0	1	1	1	1	1	0	1	1	0	34
388751	1	0	1	0	1	1	0	0	0	1	0	0	0	1	0	2	1	1	1	1	0	1	1	0	1	0	0	0	1	2	0	0	1	0	0	1	1	0	1	1	0	1	1	1	26
388325	1	0	0	0	1	1	0	0	0	1	1	0	0	0	0	1	0	0	0	0	0	1	0	0	0	1	0	1	1	0	0	1	0	0	0	0	0	1	2	1	0	0	1	1	17
388476	0	0	1	1	3	1	0	0	0	0	0	0	0	0	0	2	0	0	1	0	0	0	0	0	1	0	0	0	0	1	0	0	1	0	0	0	0	0	0	1	0	0	0	0	13
388577	1	1	1	1	1	1	0	0	0	1	2	0	0	1	1	4	1	1	1	0	0	1	1	0	1	1	0	1	2	2	0	2	1	1	1	2	1	2	2	2	1	1	1	1	45
390322	1	1	1	1	1	1	0	0	0	3	3	0	0	1	1	4	1	1	1	0	0	1	1	0	1	1	1	1	2	2	0	2	5	1	1	3	1	1	2	2	1	1	2	1	54
388405	1	1	1	1	1	1	0	0	0	1	2	0	0	1	1	5	1	1	1	0	0	1	1	0	1	1	0	1	3	2	0	2	1	1	1	3	1	2	2	2	1	1	1	1	48
388455	1	1	1	0	2	1	0	0	0	1	1	0	0	1	1	4	1	1	1	0	0	1	1	0	1	1	0	1	2	2	0	2	1	1	1	1	1	1	2	2	1	1	1	1	42
388741	1	1	1	1	1	1	0	0	0	1	1	0	0	1	1	4	1	1	1	0	0	1	1	0	1	1	0	1	4	2	0	1	1	1	1	3	1	1	2	2	1	1	1	0	44
388555	1	1	0	0	1	0	0	0	0	1	0	0	0	0	0	1	1	1	1	0	0	1	1	0	1	1	0	1	2	1	0	2	1	1	1	2	1	1	2	2	1	1	0	1	32
388750	1	1	0	0	0	1	0	0	0	1	0	0	0	1	1	3	1	1	1	0	0	1	1	0	1	0	0	1	1	2	0	2	0	1	1	1	1	0	2	2	1	1	1	1	33
388580	1	1	0	0	0	0	0	0	0	0	0	0	0	0	0	0	1	0	1	0	0	1	1	0	0	0	0	1	1	0	0	1	0	0	1	1	0	0	0	0	0	1	0	0	12
388297	1	0	0	0	0	0	0	0	0	0	0	1	0	0	0	0	1	0	0	1	0	1	1	0	0	1	0	0	0	0	0	0	0	0	0	1	0	0	0	0	0	0	0	0	8
388350	0	0	0	0	0	0	0	0	0	0	0	0	1	0	0	1	0	0	0	0	0	0	0	0	0	0	0	0	1	1	0	0	0	0	0	0	0	0	0	0	0	0	0	0	4
388564	1	0	1	0	0	1	0	0	0	2	1	0	0	0	1	1	0	0	0	0	0	0	1	0	0	1	0	0	1	1	0	0	1	0	1	0	0	0	0	0	0	0	2	1	17
388878	1	1	1	1	1	1	0	0	0	2	1	0	1	0	1	3	1	0	1	0	1	1	1	1	1	1	1	1	2	2	0	1	2	0	1	2	0	1	0	0	0	1	1	1	38
388689	0	0	1	1	1	0	0	0	3	1	0	0	1	0	0	1	0	0	0	0	0	0	0	1	1	2	0	0	3	5	2	0	0	0	0	0	0	1	0	0	0	0	0	0	24
390345	1	1	1	2	2	0	0	0	3	1	1	0	1	0	0	3	0	0	1	0	1	0	0	1	1	1	0	0	6	4	4	0	0	0	1	0	1	1	2	2	1	0	0	0	43
390705	1	1	1	2	2	0	0	0	3	1	1	0	1	0	0	3	0	0	1	0	1	0	0	1	1	1	0	0	5	4	3	0	0	0	0	0	1	1	2	2	1	0	0	0	40
388438	0	1	1	0	1	0	0	0	2	2	0	0	0	0	0	1	0	1	2	0	1	0	1	1	1	1	0	0	1	0	0	0	0	0	0	0	1	0	0	1	1	0	0	0	20
388879	1	0	1	2	2	0	0	0	4	1	1	0	0	0	0	2	0	0	1	0	0	0	0	1	1	1	0	0	3	3	0	0	0	0	0	0	0	1	0	0	0	0	0	0	25
390176	2	1	1	0	2	1	0	0	4	1	1	0	1	0	1	4	1	1	2	0	1	1	1	1	1	1	0	1	6	3	0	3	1	1	1	3	1	1	2	2	1	0	0	1	56
390209	1	0	1	1	2	0	0	0	4	1	1	0	0	0	0	2	0	0	0	0	0	0	0	1	1	1	0	0	3	2	0	0	0	0	0	0	1	1	2	2	1	0	0	0	28
390706	1	0	1	1	2	0	0	0	3	1	1	0	0	0	0	1	0	0	1	0	0	0	0	1	1	2	0	0	3	2	0	0	0	0	0	0	0	1	0	0	0	0	0	0	22
390187	1	1	1	0	2	0	0	0	5	1	1	0	1	0	0	2	0	0	1	0	1	0	0	1	1	1	1	0	4	2	0	0	0	0	0	0	1	1	2	2	1	0	0	0	34
390145	1	0	1	0	2	0	0	0	2	1	1	0	0	0	0	2	0	0	1	0	0	0	0	1	1	1	0	0	3	2	0	0	0	0	0	0	0	1	0	0	0	0	0	0	20
390220	2	1	1	1	2	0	0	0	5	1	1	0	1	0	1	3	1	1	2	0	1	1	1	1	1	2	0	0	4	2	1	1	0	0	0	1	1	1	2	2	1	0	0	0	46
390319	1	1	1	2	1	0	0	0	4	1	1	0	0	0	0	3	1	1	2	0	1	1	1	1	1	1	0	0	7	6	3	0	0	0	0	0	0	1	0	0	0	0	0	0	42
390150	1	0	1	1	2	0	0	0	5	1	1	0	0	0	0	2	0	0	1	0	0	0	0	1	1	2	0	0	3	3	0	0	0	0	0	0	0	1	0	0	0	0	0	0	26
390164	1	1	1	1	2	0	0	0	5	1	1	0	2	0	0	2	0	0	1	0	1	0	0	1	1	1	0	0	5	3	1	0	0	0	0	0	1	1	2	2	1	0	0	0	38
390298	0	1	1	2	1	1	0	0	4	1	1	0	1	0	1	4	0	0	1	0	1	0	0	1	1	1	0	1	5	4	2	1	0	0	0	1	1	1	2	2	1	0	0	0	44
388463	0	0	1	0	1	0	0	0	3	1	1	0	0	0	0	2	0	0	0	0	0	0	0	1	1	2	0	0	3	0	0	0	0	0	0	0	0	0	0	0	0	0	0	0	16
390681	1	0	1	1	1	0	0	0	4	1	1	0	0	0	0	2	0	0	1	0	0	0	0	1	1	2	0	0	3	2	2	0	0	0	0	0	0	1	0	0	0	0	0	0	25
390218	1	0	1	1	2	0	0	0	6	1	1	0	1	0	0	1	0	0	1	0	0	0	0	1	1	2	0	0	3	3	1	0	0	0	0	0	1	1	2	2	1	0	0	0	34
388894	0	1	1	2	2	1	0	0	2	1	2	0	1	0	1	4	0	0	1	0	1	0	0	1	1	1	0	1	8	7	3	1	0	0	0	1	1	1	2	2	1	0	0	0	51
390312	0	0	1	2	2	0	0	0	2	1	1	0	1	0	0	3	0	0	0	0	0	0	0	1	1	1	0	0	6	7	2	0	0	0	0	0	0	1	0	0	0	0	0	0	32
391684	1	1	1	1	1	0	0	0	2	1	1	0	0	0	1	4	1	1	2	0	1	1	1	1	1	1	0	0	5	4	2	1	0	0	0	1	0	1	0	0	0	0	0	0	38
390197	0	1	1	1	2	1	0	0	2	1	1	0	1	0	1	3	0	0	1	0	1	0	0	1	1	0	0	1	3	6	1	1	0	0	0	1	1	1	2	2	1	0	0	0	39
388362	1	0	1	0	2	0	0	0	4	1	1	0	0	0	0	2	0	0	0	0	0	0	0	1	1	1	0	0	3	3	1	0	0	0	0	0	0	1	0	0	0	0	0	0	23
390177	1	0	1	0	2	0	0	0	5	1	1	0	1	0	0	2	0	0	1	0	0	0	0	1	1	1	1	0	3	1	0	0	0	0	0	0	1	1	2	2	1	0	0	0	30
388414	0	0	1	3	2	1	0	0	0	1	1	0	1	0	1	3	0	0	0	0	0	0	0	1	1	1	0	1	5	5	2	0	0	0	0	0	1	1	2	2	1	0	0	0	37
388883	1	0	1	0	1	0	0	0	4	1	0	0	0	0	0	2	1	0	1	0	1	0	0	1	1	1	0	0	2	0	0	0	0	0	0	1	1	0	0	1	0	0	0	0	21
388272	1	1	1	1	2	2	0	0	4	1	1	0	1	0	1	3	0	1	1	0	1	1	1	1	1	2	0	1	6	7	3	1	0	0	0	1	0	1	0	0	0	0	0	0	48
388289	1	0	1	2	1	0	0	0	4	1	1	0	1	0	0	3	0	0	1	0	0	0	0	1	1	1	0	0	4	4	2	0	0	0	0	0	1	1	2	2	1	0	0	0	36
388584	1	0	1	1	2	0	0	0	3	1	1	0	1	0	0	2	0	0	1	0	0	0	0	1	1	1	0	0	3	3	1	0	0	0	0	0	0	1	0	0	0	0	0	0	25
390249	0	0	0	2	1	0	0	0	2	1	1	0	1	0	0	1	0	0	1	0	0	0	0	1	1	1	0	0	4	1	2	0	0	0	0	0	0	2	0	0	0	1	0	0	23
390661	0	0	0	2	1	0	0	0	1	1	1	0	1	0	0	1	0	0	1	0	0	0	0	1	1	1	0	0	5	1	1	0	0	0	0	0	0	2	0	0	0	1	0	0	22
390160	0	0	0	1	1	0	0	0	0	1	1	0	1	0	0	1	0	0	1	0	0	0	0	1	1	1	0	0	4	2	1	0	0	0	0	0	0	2	0	0	0	1	0	0	20
390278	0	0	0	2	1	0	0	0	2	1	1	0	1	0	0	1	0	0	1	0	0	0	0	1	1	1	0	0	4	1	2	0	0	0	0	0	0	2	0	0	0	1	0	0	23
390192	0	0	1	2	4	0	0	0	2	1	1	0	1	0	0	2	0	0	1	0	0	0	0	1	1	1	0	0	2	4	0	1	0	0	0	1	1	2	0	0	0	0	0	0	29
388235	0	1	2	1	0	1	0	0	1	0	1	0	1	0	1	5	1	0	0	0	0	0	0	1	1	1	0	0	2	1	1	2	3	2	1	2	0	1	0	1	0	1	1	1	37
390259	1	1	2	1	2	1	0	0	1	2	1	0	1	0	0	2	1	0	1	0	1	1	1	1	1	1	1	1	2	2	1	1	4	0	0	1	0	1	0	0	0	1	1	2	41
390215	1	1	2	1	1	1	0	0	1	2	1	0	1	0	0	2	1	0	1	0	1	1	1	1	1	1	1	1	2	2	1	1	1	0	0	1	0	1	0	0	0	1	1	1	36
388339	1	1	2	1	1	1	0	0	1	1	1	0	0	1	1	3	1	0	1	0	2	1	1	1	1	1	0	0	1	3	1	6	2	0	1	3	1	1	2	2	1	1	1	2	52
390144	1	1	1	2	2	1	0	1	0	1	0	1	1	1	1	2	1	1	2	0	0	1	1	0	1	1	1	1	4	1	1	1	3	1	1	1	1	1	2	2	1	0	0	0	46
388711	0	0	1	2	1	0	0	0	2	1	2	0	0	0	0	3	0	0	1	0	0	0	0	0	0	1	2	0	3	2	2	3	1	0	0	2	0	0	0	0	0	0	0	0	29
388391	0	0	1	2	1	0	0	0	2	1	2	0	0	0	0	4	0	0	1	0	0	0	0	0	0	1	0	0	3	3	1	2	2	0	0	3	0	1	0	0	0	0	0	0	30
388504	1	1	2	2	1	0	0	0	1	1	1	0	0	0	0	3	0	0	1	0	1	1	1	1	1	1	0	0	1	1	0	1	1	0	0	1	1	1	0	0	0	1	1	2	31
388650	0	0	0	1	0	0	0	0	0	0	0	0	0	0	0	0	0	0	0	0	0	0	0	0	0	0	0	0	1	0	0	1	0	0	0	0	0	0	0	0	0	0	0	0	3
388740	0	0	1	1	1	0	0	0	1	1	1	0	0	0	0	0	0	0	0	0	0	0	0	0	1	1	0	0	0	0	0	1	0	0	0	3	0	1	0	0	0	0	0	0	13
388517	0	0	0	0	0	0	0	0	3	1	1	0	0	0	0	0	0	0	0	0	0	0	0	0	0	1	0	0	1	0	0	0	0	0	0	1	0	0	0	0	0	0	0	0	8
388422	0	0	1	0	2	0	0	0	4	3	2	0	0	0	0	0	0	0	0	0	0	0	0	0	1	2	0	0	3	0	0	1	0	0	0	3	0	3	0	0	0	0	0	0	25
388501	0	0	1	1	1	0	0	0	1	1	0	0	0	0	0	1	0	0	0	0	0	0	0	0	0	0	0	0	2	1	0	1	0	0	0	2	0	0	0	0	0	0	0	0	12
388403	0	0	1	1	2	0	0	0	3	1	1	0	0	0	0	0	0	0	1	0	0	0	0	0	1	1	0	0	4	1	0	0	0	0	0	3	0	0	0	0	0	0	0	0	20
388471	0	0	0	0	1	0	0	0	2	1	1	0	0	1	1	2	0	0	0	0	0	0	0	0	1	1	0	0	3	1	0	0	0	0	0	2	0	2	0	0	0	0	0	0	19
388487	0	0	1	0	3	0	0	0	3	1	2	0	0	0	0	1	0	0	1	0	0	0	0	0	1	1	0	0	2	2	0	1	1	0	0	2	0	1	0	0	0	0	0	0	23
388303	1	1	1	0	2	1	0	0	1	0	1	0	0	0	1	2	1	0	2	0	1	1	1	1	1	1	0	1	2	2	1	2	2	2	3	1	1	1	2	1	1	1	0	2	45
388465	1	0	1	0	2	1	0	0	1	1	1	0	0	0	1	3	1	0	1	0	0	0	1	1	1	1	0	0	2	0	0	1	1	2	2	0	1	0	2	2	1	1	0	2	35
388707	1	0	1	0	1	1	0	0	1	1	0	0	0	0	1	3	0	0	2	0	1	1	1	1	1	1	0	1	1	2	1	2	1	2	1	1	1	0	2	2	1	1	0	1	38
390338	1	1	1	0	2	1	0	0	1	2	1	0	0	0	1	3	1	0	2	0	1	1	1	1	1	1	0	1	2	2	1	2	1	2	1	2	1	1	2	2	1	1	1	2	48
390284	1	1	1	0	1	1	0	0	1	2	1	0	0	0	1	3	1	0	2	0	1	1	1	1	1	1	0	1	2	2	1	2	1	2	1	1	1	0	2	2	1	1	1	2	45
390191	0	0	1	2	3	0	0	0	1	1	1	0	0	0	0	2	0	0	1	0	0	0	0	1	1	1	0	0	3	2	0	0	0	0	0	0	0	1	0	0	0	0	0	0	21
389052	0	0	1	0	1	0	0	0	1	2	1	0	1	0	0	2	0	0	0	0	0	0	0	1	1	1	0	0	2	1	1	1	1	1	0	1	0	1	0	0	0	0	1	1	23
389034	0	0	1	1	1	0	0	0	1	2	1	0	1	0	0	2	0	0	0	0	0	0	0	1	1	1	0	0	2	1	1	1	0	1	0	1	0	1	0	0	0	1	1	1	24
388991	0	0	1	0	1	0	0	0	1	2	1	0	1	0	0	2	0	0	0	0	0	0	0	1	1	1	0	0	2	1	1	1	1	1	0	1	0	1	0	0	0	1	1	1	24
389007	0	0	1	0	1	0	0	0	1	2	1	0	1	0	0	2	0	0	0	0	0	0	0	1	1	1	0	0	2	1	0	1	0	1	0	1	0	1	0	0	0	1	2	1	23
389023	2	1	1	1	1	1	1	0	0	0	3	1	1	0	1	1	1	1	3	1	0	2	2	1	0	1	1	1	2	3	1	3	1	1	1	2	1	1	1	2	1	1	1	1	52
389013	2	1	1	1	0	0	1	0	0	1	1	1	0	0	0	3	1	1	1	1	0	3	2	1	1	0	0	0	4	2	0	1	1	0	1	1	1	1	2	3	0	1	0	1	42
389018	2	1	1	2	1	1	1	0	0	1	1	0	0	0	1	2	1	1	1	0	0	3	1	1	1	1	0	1	6	4	3	2	2	1	0	2	2	1	1	3	1	1	1	1	56
389049	1	1	1	1	1	1	0	0	0	1	2	0	0	0	1	8	1	1	1	1	0	2	2	1	1	1	1	1	4	5	3	3	2	1	1	3	1	1	1	3	1	1	1	1	63
389043	1	1	1	1	2	0	0	0	0	1	0	0	0	0	0	0	0	0	0	0	0	1	0	1	1	1	0	0	3	0	0	2	0	0	0	1	0	1	0	0	0	0	1	1	20
390253	1	1	1	0	2	1	0	0	1	1	1	0	1	0	1	7	1	0	2	0	1	1	1	1	1	1	1	1	3	2	1	2	2	2	1	2	1	1	1	2	1	1	1	1	53
388925	0	1	1	0	1	1	0	0	0	1	1	0	0	0	0	4	1	0	0	0	1	0	2	1	1	1	0	1	1	1	0	2	3	2	1	1	1	1	0	3	0	0	1	2	37
388212	2	1	0	0	2	1	0	0	0	1	2	0	0	0	0	6	0	0	0	0	1	0	1	0	1	1	0	1	2	2	1	3	3	2	2	1	1	1	1	2	0	0	1	2	44
388203	1	1	2	0	2	0	0	0	1	1	1	0	0	0	1	4	0	0	0	0	1	0	1	0	1	1	0	1	3	2	0	2	3	1	1	1	1	0	0	1	1	0	0	1	36
388585	0	1	1	0	1	1	0	0	1	1	0	0	0	0	2	4	0	0	0	0	1	0	1	1	1	1	1	1	1	1	0	2	2	2	1	1	0	0	0	1	1	1	0	2	34
390155	1	1	1	0	2	1	0	0	1	1	1	0	1	0	1	8	1	0	2	0	1	1	1	1	1	1	1	1	3	2	1	3	2	2	2	2	0	1	0	0	0	1	0	1	50
388581	1	1	1	0	2	0	0	0	0	2	1	0	0	0	1	6	0	0	0	0	1	1	1	1	1	1	0	1	2	1	0	2	3	1	2	1	0	0	1	2	1	0	1	1	40
388823	0	0	0	0	0	1	0	0	1	0	1	0	0	1	1	5	0	0	2	0	1	2	1	0	0	1	0	1	3	2	0	2	1	1	1	1	0	0	0	0	0	0	0	2	31
388357	0	0	0	1	1	1	0	0	1	1	0	0	1	0	1	6	1	0	0	0	1	0	0	0	1	1	1	1	2	1	0	1	1	1	1	1	0	1	0	0	0	1	0	1	30
388704	1	1	1	1	1	1	0	0	1	1	1	0	1	0	1	8	1	0	1	0	1	1	1	1	1	1	0	1	2	2	0	2	1	2	1	2	0	1	0	0	0	1	0	2	44
388606	1	0	1	1	1	2	0	0	1	1	1	0	1	0	1	4	0	0	0	0	1	1	1	1	1	1	1	1	2	1	0	2	3	1	1	1	1	1	0	2	1	0	0	1	40
388836	1	1	2	1	2	1	0	0	1	1	1	0	1	0	1	5	0	0	0	0	1	1	1	1	1	1	0	1	3	2	1	1	2	1	1	1	1	1	0	2	1	0	0	1	43
388355	1	1	1	0	2	1	0	0	1	1	1	0	1	0	1	6	0	0	1	0	1	1	1	1	1	1	1	1	3	2	1	1	2	2	1	1	1	0	2	1	1	1	0	2	47
388896	1	1	1	1	1	0	0	0	1	1	0	0	1	0	1	6	1	0	1	0	1	1	1	1	0	1	1	0	1	1	0	3	1	1	1	2	0	0	0	1	0	0	0	1	35
388452	0	0	1	0	1	0	0	0	1	1	0	0	1	0	1	5	1	0	1	0	0	0	1	1	0	1	0	0	3	2	1	2	2	1	0	2	0	1	0	0	0	1	0	0	31
