Enzima	dte6_open	dte13_open	dte6_closed	dte13_closed	C04376	C03838	C04640	CompoundV	C05923	C05922	C01268	PraP	C04302	C00144	C00044	C01253	C01201	C04896	17146	16827
5AHE_Senterica	-9.1	-5.4	-6.4	-5.2	-8	-7.3	-7.4	-8.8	-10.7	-10.2	-8.7	-8.7	-9.6	-9.9	-10.9	-7.8	-9.1	-10.3	-9	-8.4
Coli_K12	-9.7	-9.7	-9.2	-6.1	-7.2	-6.6	-6.8	-8.6	-9.5	-9.1	-8.6	-8.2	-9	-8.6	-10.2	-9.9	-10.2	-9.9	-8.2	-7.9
Acidimicrobium	-5.7	-5.8	-6	-5.7	-6.7	-6.2	-5.8	-7.6	-9.2	-8.8	-7.8	-7.4	-8.3	-8.4	-9.3	-6.7	-4.5	-9.1	-8.3	-8.1
JOAQ01	-7.4	-7.3	-7.5	-7.1	-6.5	-6.2	-6.5	-7.7	-9.4	-9.3	-7.9	-7.2	-8.3	-8.6	-8.9	-9	-7.1	-8.9	-7.8	-7.7
2VEP	-7.5	-7.5	-7.9	-7	-7	-6.2	-6.5	-7.8	-8.8	-9.2	-7.8	-7.9	-8	-8.9	-10.3	-9.2	-9.3	-8.4	-8.1	-8.2
2X30	-8.1	-7.4	-7.6	-6.9	-6.7	-6.8	-7.1	-7.9	-9.1	-9	-8.3	-8.6	-8.5	-9	-10.6	-10	-10.3	-10.2	-8.1	-7.9
1VZW	na	na	na	na	na	na	na	na	na	na	na	na	na	na	na	na	na	na	na	na
JOFS01	-7.2	-6.7	-6.8	-6.5	-6.2	-6.6	-5.9	-7.8	-8.5	-7.8	-7.8	-7.2	-8.2	-8	-9.6	-8.2	-8	-9.4	-7.7	-7.5
BAVY01	-7.4	-7.2	-7	-6.5	-7.3	-6.4	-7	-7.5	-9.6	-8.5	-7.9	-7.6	-8.4	-8.7	-9.8	-8.3	-7.9	-8.6	-7.7	-7.6
JOCU01	-7.1	-7.6	-7.2	-7.3	-7.2	-6.8	-6.9	-8.1	-8.2	-7.2	-8.2	-7.2	-8.4	-8.3	-8.5	-7.9	-7.8	-6	-7.5	-7.3
ABYA01	-9.2	-8.7	-6.7	-6.7	-7.4	-7.7	-7.2	-7.5	-9.8	-8.9	-8.2	-7.8	-8.8	-8.7	-10.1	-9.1	-9	-9.5	-8	-7.5
JNXI01	-6.6	-7.3	-7	-7.1	-7.1	-7.1	-6.8	-8	-9.2	-8.7	-7.8	-7.6	-8.3	-8.4	-9.1	-5.8	-5.3	-8.5	-7.3	-7.4
ABYC01	-6.3	-7.1	-7.4	-6.8	-7.7	-6.9	-6.6	-8	-9.6	-8.9	-8.6	-7.9	-8.6	-8.4	-9.1	-7.4	-7.2	-8.8	-8.1	-7.8
JOFG01	-7.3	-8.8	-7.5	-6.7	-7	-6.5	-6.5	-8.7	-10	-9.7	-8.8	-7.7	-8.2	-8.6	-10.5	-8.1	-9.2	-8.9	-7.6	-7.6
JNZV01	-8.9	-6.6	-6.7	-6.8	-7.2	-7.2	-6.2	-7.7	-9.6	-9.5	-8.4	-7.4	-8.5	-8.2	-9.7	-8.5	-8.4	-9.3	-7.4	-7.7
AJUO01	-6.1	-6.8	-6.9	-6.5	-6.7	-6.3	-6.7	-7.5	-9.6	-9.6	-8.6	-7.8	-8.7	-8.7	-9.9	-6.2	-5.1	-9.2	-7.8	-7.7
JNXH01	-9	-6.9	-7.1	-6.8	-6.3	-7.2	-6.6	-8.1	-9.8	-9.3	-7.7	-8	-8.7	-8.8	-10.5	-7.6	-9.1	-10.5	-7.1	-7.4
JOFC01	-6.6	-8.2	-7.1	-6.4	-7.1	-7.4	-7.1	-7.4	-9.4	-8.5	-8.6	-7.5	-8.8	-8.4	-9.6	-8.8	-8.8	-8.7	-7.7	-7.5
JNWL01	-7.4	-6.7	-7.4	-7.3	-7.7	-6.5	-6.8	-8.5	-9.9	-9.8	-8.3	-7.8	-8.2	-8.4	-10.5	-7.1	-6.3	-8.3	-8.1	-7.9
AJSZ01	-6.9	-7.5	-7.9	-7.8	-7.5	-7.3	-7.7	-8.1	-10	-9.7	-8.7	-7.8	-8.8	-8.8	-10.6	-7.8	-8.7	-9.2	-7.9	-7.8
10712	-8.3	-7.6	-7.5	-6.8	-6.4	-7	-6.2	-8.2	-9.6	-9	-7.9	-7.4	-8.3	-8.6	-10	-8.2	-8.2	-8.1	-7.6	-7.4
JSFP01	-7.8	-7.2	-7.6	-7.3	-6.2	-6.5	-6.9	-8	-8.8	-8.6	-7.7	-7.1	-7.7	-7.9	-7.2	-7.1	-6.7	-7.1	-7.7	-7.7
JJNO01	-7.4	-6.8	-7.1	-7.2	-7.2	-7.4	-7.8	-8.6	-9.7	-9.3	-8.8	-7.7	-8.9	-8.7	-10.2	-6.8	-8.2	-9	-7.5	-7.8
JQJU01	-7.6	-7.1	-7.5	-7.4	-6.2	-6.5	-6.9	-8	-8.9	-8.7	-7.7	-7.4	-7.7	-7.8	-6.5	-7	-6.3	-7.7	-7.7	-7.7
JOHB01	-7.5	-6.7	-6.8	-6.6	-6.8	-7	-6.7	-7.9	-9.9	-9.7	-8.3	-7.7	-8.5	-8.6	-10	-7.6	-7.5	-8.6	-7.3	-7.5
JOBF01	-6.3	-6.8	-7	-6.3	-6.9	-6.9	-6.6	-7.8	-9.3	-7.4	-8.5	-7.3	-8	-8.7	-8.5	-7.4	-6.3	-6	-7.9	-7.5
JNAD01	-7.3	-7	-6.8	-6.6	-6.5	-7.3	-6.6	-8.6	-9.1	-8.7	-8.9	-7.7	-8.9	-9	-8.7	-6	-6.3	-7.9	-8.2	-7.8
ARLC01	-7.5	-7	-6.9	-6.6	-6.6	-6.7	-6.9	-7.7	-8.4	-8.2	-8.2	-7.5	-8.1	-7.7	-8.2	-6.7	-7.1	-7.7	-7.6	-7.4
JODL01	-8	-7.3	-6.9	-6.6	-7.2	-6.7	-6.1	-7.6	-9.2	-9.1	-7.8	-7.4	-8.2	-8.5	-9.6	-9.2	-9.2	-8.6	-7.7	-7.5
ADGD01	-6.4	-7.7	-7.4	-7.2	-7.6	-7.5	-7.2	-8.5	-10.1	-10	-8.7	-7.9	-8.8	-9.1	-10.2	-6.9	-8.1	-8.5	-7.7	-7.7
ARTP01	-9.6	-10.9	-8.9	-7.1	-6	-6.2	-6.7	-8.1	-9.1	-8.8	-8.3	-7.9	-8.9	-9.3	-9.4	-9.8	-10	-8.9	-8.2	-8
AEJC01	-6.6	-6.6	-7.3	-6.9	-6.5	-6.3	-6.5	-8.1	-8.6	-9.1	-8	-7.9	-8	-8.4	-8.5	-7.2	-8.4	-8.2	-7.9	-7.6
ABJJ02	-5.9	-8.2	-7.1	-6.6	-6.8	-7	-7.6	-7.9	-8.4	-8.3	-8.2	-8.1	-8.4	-8.7	-7.7	-8.2	-8.2	-6.7	-8	-7.5
4U28	na	na	na	na	na	na	na	na	na	na	na	na	na	na	na	na	na	na	na	na
4TX9	na	na	na	na	na	na	na	na	na	na	na	na	na	na	na	na	na	na	na	na
JOBU01	-8	-7.1	-6.7	-6.9	-6.6	-6.8	-6.7	-8.2	-9.5	-9.1	-8.6	-8	-8.4	-8.7	-9.1	-9.5	-9.3	-8.1	-8.1	-7.6
JNZG01	-7.8	-7.2	-7.6	-7.2	-7.4	-6.9	-7.4	-8.5	-9.4	-9.4	-8.6	-7.6	-8.4	-8.6	-9.1	-10	-10.1	-9	-7.8	-8.2
JNZY01	-6.4	-7	-7.1	-6.7	-7.7	-6.3	-6.2	-8.1	-8.5	-9.2	-8.3	-7.6	-9	-8.5	-9.7	-9.5	-9.9	-9.2	-7.4	-7.5
JNZH01	-7.5	-6.9	-6.8	-6.8	-6.5	-6.6	-6.5	-8.3	-8	-8.1	-7.6	-7.4	-8.7	-8.1	-8.1	-8.5	-8	-7.6	-7.7	-7.4
ACEW01	-7.4	-6.9	-7.3	-6.8	-7.3	-6.6	-7.5	-8	-9.8	-9.3	-8.7	-7.6	-8.5	-8.4	-10.6	-9.1	-8.9	-8.5	-8.1	-8
ATCJ01	-6.5	-6.9	-7.2	-7.1	-6.5	-6.9	-6.4	-7.3	-7.8	-7.7	-8.3	-7.5	-7.9	-8.4	-9.5	-7.6	-5.2	-7.5	-7.6	-7.7
4X9S	na	na	na	na	na	na	na	na	na	na	na	na	na	na	na	na	na	na	na	na
4W9T	na	na	na	na	na	na	na	na	na	na	na	na	na	na	na	na	na	na	na	na
AWQW01	-6.2	-6.8	-7.4	-6.5	-7.8	-6.8	-6.7	-9.5	-9.6	-9.4	-8.7	-8.2	-8.6	-9.1	-9.9	-5.4	-5.5	-9.2	-8	-7.5
JOFK01	-7.6	-6.7	-7.1	-7.2	-7.1	-6.5	-6.6	-7.8	-8.6	-10	-8.6	-7.5	-8.3	-8.5	-8.8	-5.3	-5.2	-5.8	-7.7	-7.4
JODS01	-6.8	-7.3	-6.9	-6.7	-8	-7.9	-7.7	-8.5	-9.5	-9.8	-8.1	-7.8	-8.7	-9.7	-10	-5.3	-6.2	-8.2	-7.6	-7.4
TC1	-8.2	-8.5	-8.1	-7.9	-5.7	-5.5	-5.9	-7	-7.5	-7.2	-7.1	-6.7	-7.1	-7.4	-8.4	-7.2	-7.3	-7.4	-7	-6.7
4WD0_TC1	na	na	na	na	na	na	na	na	na	na	na	na	na	na	na	na	na	na	na	na
Auro 4X2R	-9.9	-9.1	-9.8	-8.1	-7.4	-7.1	-7.4	-7.8	-9.2	-9.8	-8.3	-7.8	-9.3	-9	-9.9	-9	-8.6	-9.2	-8.5	-8.2
Acardi_b2	-10.6	-9.3	-9.3	-7.2	-7.2	-6.8	-7.3	-7.5	-9.5	-9.8	-8	-7.8	-9.3	-8.9	-10.3	-9.6	-9.4	-9.4	-8.1	-8
JNZF01	-6.9	-6.8	-7.5	-7.1	-7.8	-7.3	-7.2	-8.3	-9.2	-8.3	-8.9	-8.4	-8.9	-9.3	-9.4	-5.3	-5.2	-7.1	-8.5	-8.6
2Y88	-10	-7.8	-8.9	-5.4	-8.6	-7.3	-7.8	-9.5	-10.9	-10.3	-9.5	-9	-9.8	-9.8	-11.3	-10.1	-10.2	-11.3	-9.5	-8.8
2Y89	-8.7	-8.6	-9.6	-9.4	-6.4	-5.9	-5.6	-7.1	-7	-7.5	-7.3	-6.8	-7.4	-8.4	-7.5	-8.1	-8.6	-7.5	-7.7	-7.3
2Y85	-8.2	-7.9	-9.2	-7.4	-7.6	-7.5	-7.6	-8.4	-9.7	-9.5	-9.3	-7.8	-8.6	-8.6	-10.2	-9.8	-9.9	-10.1	-7.3	-7.4
3ZS4	-10	-10.5	-11.4	-6.4	-8.2	-7.2	-7	-9.6	-10.2	-10.2	-9.9	-8.5	-9.3	-9.6	-10.9	-10	-10.7	-9.9	-8.8	-8.9
diphtheriae	-9.2	-7.8	-10.9	-7.2	-7.5	-7.6	-7.7	-8.9	-9	-9.8	-9	-8.3	-8.8	-9.2	-10.1	-9.5	-9.9	-9.2	-8	-7.9
jeikeium	-7.5	-6.9	-7.2	-6.5	-8.4	-8	-8.5	-8.7	-9.5	-9.6	-9.4	-8.8	-9	-9.5	-9.3	-8.1	-9.3	-8.5	-7.9	-7.7
JSFP01_2	-7.4	-8	-7.6	-6.4	-5.2	-5.4	-5.2	-6.1	-6.8	-6.4	-5.7	-6.4	-6.3	-6.3	-7.1	-7.4	-7.1	-6.4	-7.1	-6.6
TrpF Jonesia 4WUI	-8.3	-8.8	-8.2	-6.8	-6.2	-6.1	-6	-6.8	-7.4	-7.6	-7.5	-6.9	-7.6	-7.5	-7.7	-7.5	-7.6	-7.2	-7.3	-7.2
trachomatis	-8.2	-8	-7.4	-7.2	-6.1	-5.5	-5.4	-6.5	-7.1	-7.1	-7	-6.2	-6.8	-6.8	-6.9	-7.2	-7.4	-6.5	-6.7	-6.6
mg1	-7.2	-8.8	-8.2	-7.3	-6.2	-5.7	-5.7	-6.9	-6.6	-6.7	-7.3	-6.7	-7.6	-6.9	-7.5	-7.1	-7.1	-6.9	-6.7	-6.5
Aodo_b12	-8.5	-8.6	-8.8	-7.3	-7.1	-7.1	-7.1	-7.5	-9.7	-9.4	-7.8	-7.6	-9.6	-8.8	-10.1	-8.4	-8.9	-9.4	-8	-8.1
