RastId	Enzyme_1	Enzyme_2	Enzyme_3	Enzyme_4	Enzyme_5	Enzyme_6	Enzyme_7	Enzyme_8	Enzyme_9	Enzyme_10	Enzyme_11	Enzyme_12	Enzyme_13	Enzyme_14	Enzyme_15	Enzyme_16	Enzyme_17	Enzyme_18	Enzyme_19	Enzyme_20	Enzyme_21	Enzyme_22	Enzyme_23	Enzyme_24	Enzyme_25	Enzyme_26	Enzyme_27	Enzyme_28	Enzyme_29	Enzyme_30	Enzyme_31	Enzyme_32	Enzyme_33	Enzyme_34	Enzyme_35	Enzyme_36	Enzyme_37	Enzyme_38	Enzyme_39	Enzyme_40	Enzyme_41	Enzyme_42	Enzyme_43	Enzyme_44	TOTAL
272710	1	2	2	4	1	1	1	1	1	0	5	1	1	2	1	17	1	1	1	1	1	2	1	1	1	1	2	4	6	1	3	3	4	1	5	2	1	1	2	3	1	1	4	2	98
277229	1	2	2	4	1	1	1	1	1	0	5	1	1	2	1	17	1	1	1	1	1	2	1	1	1	1	2	4	6	1	3	3	4	1	5	2	1	1	2	3	1	1	4	2	98
272246	2	1	3	3	2	1	1	1	2	1	8	1	1	2	1	12	1	1	1	1	1	4	1	2	1	1	2	1	6	1	4	2	9	1	2	1	1	1	2	4	1	1	4	2	101
272892	2	1	3	3	2	1	1	1	2	1	7	1	1	2	1	12	1	1	1	1	1	4	1	2	1	1	2	1	6	1	4	2	9	1	2	1	1	1	2	3	1	1	4	2	99
274004	2	1	1	4	2	1	1	1	2	1	8	1	1	2	1	12	1	1	1	1	1	4	1	2	1	1	2	1	6	1	4	2	9	1	2	1	1	1	2	3	1	1	4	2	99
272327	2	1	3	3	2	1	1	1	2	1	8	1	1	2	1	12	1	1	1	1	1	4	1	2	1	1	2	1	6	1	5	2	9	1	2	1	1	1	2	3	1	1	4	2	101
274195	2	1	3	3	2	1	1	1	2	1	8	1	1	2	1	12	1	1	1	1	1	5	1	2	1	1	2	1	6	1	4	2	9	1	2	1	1	1	2	3	1	1	4	2	101
272639	2	1	3	4	2	1	1	1	2	1	8	1	1	2	1	13	1	1	1	1	1	4	1	2	1	1	2	1	5	1	4	2	9	1	2	1	1	1	2	3	1	1	4	2	101
272555	2	1	1	3	2	1	1	1	2	1	6	1	1	2	1	12	1	1	1	1	1	4	1	2	1	1	2	1	5	1	4	2	9	1	2	1	1	1	2	3	1	1	4	2	95
274966	2	1	3	3	2	1	1	1	2	1	8	1	1	2	1	12	1	1	1	1	0	4	1	2	1	1	2	1	6	1	5	2	9	1	2	1	1	1	2	3	1	1	4	2	100
277746	1	1	3	2	2	1	1	1	2	1	8	1	1	2	1	12	1	1	1	1	1	3	1	2	1	1	2	1	6	1	3	2	8	1	2	1	1	1	2	3	1	1	4	2	95
274056	2	1	3	3	2	1	1	1	2	1	8	1	1	2	1	12	1	1	1	1	1	4	1	2	1	1	2	1	6	1	5	2	9	1	2	1	1	1	2	3	1	1	4	2	101
277695	2	1	3	3	2	1	1	1	2	1	8	1	1	2	1	12	1	1	1	1	1	4	1	2	1	1	2	1	6	1	5	2	9	1	2	1	1	1	2	3	1	1	4	2	101
272920	2	1	2	4	2	1	1	1	2	1	8	1	1	2	1	11	1	1	1	1	1	4	1	2	1	1	2	1	6	1	4	2	9	1	2	1	1	1	2	4	1	1	4	2	100
216812	2	1	3	4	2	1	1	1	2	1	8	1	1	2	1	11	1	1	1	1	1	4	1	2	1	1	2	1	6	1	4	2	10	1	2	1	1	1	2	4	1	1	4	2	102
274138	2	1	1	3	2	1	1	1	2	1	7	1	1	2	1	12	1	1	1	1	1	4	1	2	1	1	2	1	6	1	5	2	9	1	2	1	1	1	2	3	1	1	4	2	98
216798	2	1	3	4	2	1	1	1	2	1	8	1	1	2	1	11	1	1	1	1	1	4	1	2	1	1	2	1	5	1	4	2	8	1	2	1	1	1	2	4	1	1	4	2	99
530308	1	1	1	2	2	1	1	1	1	1	5	1	1	2	1	9	1	2	3	1	1	2	1	1	1	1	2	1	3	1	1	4	0	1	2	1	1	1	1	3	1	1	3	2	74
277032	1	1	2	3	1	1	1	1	1	0	5	1	1	2	1	10	1	1	1	1	1	3	1	1	1	1	2	3	6	1	2	2	3	1	2	2	1	0	2	3	1	1	3	2	81
272563	1	1	3	3	2	1	1	1	1	1	7	1	1	1	1	9	1	1	1	1	2	2	1	2	1	1	2	1	6	1	2	2	3	1	1	1	1	1	2	4	1	1	4	2	84
272233	1	1	1	3	2	1	1	1	1	1	7	1	1	2	1	6	1	1	1	1	1	2	1	1	1	1	2	1	5	1	1	2	1	1	2	1	1	1	2	2	1	1	3	2	72
272411	1	1	3	2	2	1	1	1	1	1	8	1	1	2	1	10	1	1	1	1	1	2	1	2	1	1	2	1	4	1	1	2	3	1	2	1	1	1	2	4	1	1	3	2	82
216917	1	1	3	3	2	1	1	1	2	1	8	1	1	2	1	11	1	1	1	1	1	2	1	2	1	1	3	1	7	1	3	3	5	1	2	1	2	2	2	3	1	1	4	2	96
272821	1	1	2	3	1	1	1	1	1	0	6	1	1	2	1	13	1	1	1	1	1	2	1	1	1	1	3	1	6	1	3	3	3	1	3	1	1	1	2	3	1	1	4	2	87
272735	1	1	2	3	1	1	1	1	1	0	5	1	1	2	1	13	1	1	1	1	1	2	1	1	1	1	4	1	5	1	3	4	3	1	3	1	1	1	2	3	1	1	4	2	87
274256	2	1	2	3	1	1	1	1	1	0	5	1	1	2	1	13	1	1	1	1	1	3	1	1	1	1	2	1	5	1	3	4	3	1	3	1	1	1	2	3	1	1	4	2	87
272527	1	1	2	3	1	1	1	1	1	0	5	1	1	2	1	13	1	1	1	1	1	2	1	1	1	1	4	1	5	1	3	4	3	1	3	1	1	1	2	3	1	1	4	2	87
277107	1	1	2	3	1	1	1	1	1	0	5	1	1	2	1	13	1	1	1	1	1	3	1	1	1	1	4	1	5	1	2	3	3	1	3	1	1	1	1	3	1	1	4	2	85
273837	1	1	2	2	1	1	1	1	1	0	5	1	1	2	1	12	1	1	1	1	1	3	1	1	1	1	4	1	5	1	2	3	3	1	3	1	1	1	1	3	1	1	4	2	83
274197	1	1	2	4	1	1	1	1	1	0	5	1	1	2	1	12	1	1	1	1	1	3	1	1	1	1	4	1	5	1	2	3	3	1	3	1	1	1	1	3	1	1	4	2	85
277103	1	1	1	2	1	1	1	1	1	0	5	1	1	1	1	9	1	1	1	1	1	2	1	2	1	1	2	3	4	1	3	3	4	1	3	4	1	1	2	3	1	2	4	2	84
530278	1	1	1	2	2	1	1	1	1	1	5	1	1	2	1	6	1	1	2	1	1	3	1	2	1	1	3	1	4	1	1	2	1	1	2	1	1	1	1	3	1	1	3	2	72
272826	0	1	2	4	2	1	1	2	1	0	7	2	1	2	1	16	0	1	1	1	2	1	0	1	1	1	3	2	9	3	7	2	5	1	3	2	1	0	2	3	1	1	4	2	103
530311	1	1	3	5	2	1	1	1	2	0	8	1	1	2	1	10	1	1	1	1	1	2	1	3	1	2	3	1	6	1	2	2	3	1	2	1	1	1	2	2	1	2	3	2	90
530322	1	1	4	5	1	1	1	1	2	1	8	1	1	1	1	11	1	1	1	1	1	2	1	3	1	2	3	1	6	1	2	3	3	1	3	1	1	1	2	1	1	2	3	2	92
277190	2	1	4	2	2	1	1	1	2	0	7	1	1	2	1	15	1	1	1	1	2	3	1	2	1	1	2	2	6	3	4	3	6	1	4	1	1	2	2	5	1	1	4	2	107
272141	2	1	4	2	2	1	1	1	2	0	7	1	1	2	1	15	1	1	1	1	2	3	1	2	1	1	2	1	6	2	3	3	6	1	5	1	1	2	2	5	1	1	4	2	105
216912	2	1	2	2	2	1	1	1	2	0	6	1	1	2	1	18	1	1	1	1	1	3	1	1	1	1	4	1	6	2	4	3	5	1	5	1	1	1	2	3	1	1	4	2	102
216824	2	1	4	2	2	1	1	1	2	0	7	1	1	2	1	15	1	1	1	1	2	3	1	2	1	1	2	1	6	3	4	3	6	1	4	1	1	2	2	5	1	1	4	2	106
272544	1	1	1	2	2	1	1	1	1	2	2	1	1	2	1	4	1	1	2	1	1	2	1	1	1	1	3	1	4	1	1	2	2	1	3	1	1	1	2	3	1	2	3	2	70
277089	1	1	0	2	1	1	0	1	1	1	4	1	1	2	1	7	1	1	2	1	1	2	1	2	1	1	2	1	4	1	2	2	2	1	3	1	1	1	1	3	1	1	3	3	71
216885	2	1	4	3	2	1	1	1	2	1	8	1	1	2	1	17	1	1	1	1	1	3	1	2	1	1	4	2	7	1	5	2	6	1	2	1	1	1	2	3	1	1	4	2	107
216915	1	1	3	3	2	1	1	1	2	1	8	1	1	2	1	18	1	1	1	1	1	2	1	2	1	1	4	2	6	1	4	4	5	1	3	1	1	2	2	3	1	1	4	2	106
216850	1	1	2	3	2	1	1	1	2	1	8	1	1	2	1	18	1	1	1	1	1	2	1	2	1	1	4	2	6	1	3	4	5	1	3	1	1	1	2	3	1	1	4	2	103
273350	1	1	3	3	2	1	1	1	2	1	8	1	1	2	1	18	1	1	1	1	1	2	1	2	1	1	4	2	6	1	4	3	5	1	3	1	1	1	2	3	1	1	4	2	104
272313	1	1	3	3	2	1	1	1	2	1	8	1	1	2	1	16	1	1	1	1	1	2	1	2	1	1	3	2	6	1	4	4	5	1	3	1	1	1	2	3	1	1	4	2	102
319315	2	1	2	5	2	1	1	1	1	0	6	1	1	2	1	12	1	1	1	1	1	3	1	2	1	1	2	1	6	2	5	4	5	1	3	1	1	1	2	3	1	1	4	2	97
216913	1	2	2	3	1	1	1	1	1	0	5	1	1	2	1	13	1	1	1	1	2	3	1	1	1	1	2	1	7	2	3	4	3	1	3	1	1	1	2	3	1	1	4	2	91
530279	1	1	2	3	2	1	1	1	1	1	10	1	1	2	1	14	1	1	1	1	1	3	1	2	1	2	2	1	5	1	4	4	7	1	4	2	1	1	2	3	1	2	4	2	104
275159	1	1	0	1	0	1	1	2	1	0	3	1	1	2	0	9	2	1	1	1	1	4	1	1	1	0	3	1	2	1	3	2	1	1	4	1	1	1	1	1	1	1	3	1	66
273963	1	1	2	2	2	1	1	1	2	0	6	1	1	2	1	17	1	1	1	1	2	2	1	2	1	1	3	1	6	3	6	4	5	1	3	1	1	2	2	3	1	1	3	2	102
216910	2	1	2	2	1	1	1	1	1	1	3	1	1	2	1	11	1	1	1	1	1	4	1	2	1	1	2	1	5	1	4	1	5	1	2	1	1	0	2	3	1	1	4	2	83
272442	1	1	3	2	2	1	1	1	2	1	8	1	1	2	1	9	1	1	1	1	1	2	1	1	1	1	3	1	4	1	3	2	3	1	4	1	1	1	2	3	1	1	4	2	86
216793	1	1	2	3	2	1	1	1	1	1	8	1	1	2	1	10	1	1	1	1	1	2	1	2	1	1	3	1	7	1	4	3	6	1	2	1	1	1	2	3	1	1	3	2	92
274033	2	1	3	3	2	1	1	1	2	1	8	1	1	2	1	12	1	1	1	1	1	4	1	2	1	1	2	1	6	1	5	2	10	1	2	1	1	1	2	3	1	1	4	2	102
274243	2	1	1	3	2	1	1	1	2	1	7	1	1	2	1	12	1	1	1	1	1	4	1	2	1	1	2	1	6	1	5	2	9	1	2	1	1	1	2	3	1	1	4	2	98
272108	1	2	2	4	2	1	1	1	2	1	9	1	1	2	1	12	1	1	1	1	1	2	1	1	1	1	2	1	5	1	3	2	5	1	3	1	1	1	2	3	1	1	3	2	92
530294	1	1	2	2	1	1	1	1	1	1	5	1	1	1	1	8	1	1	2	1	1	2	1	1	1	1	2	1	4	1	1	2	2	1	2	1	1	1	2	2	1	2	2	2	71
216814	3	1	3	2	2	1	1	1	2	0	7	1	1	2	1	16	1	1	1	1	2	4	1	2	1	1	2	2	6	3	4	3	6	1	4	2	2	1	2	3	1	1	4	2	108
277676	1	1	2	2	2	1	1	1	1	1	5	1	1	2	1	9	1	1	1	1	1	2	1	1	1	1	2	1	5	1	2	2	4	1	3	1	1	1	2	2	1	1	4	2	79
311079	1	1	3	3	2	1	1	1	2	1	8	2	1	2	1	11	1	1	1	1	1	2	1	2	1	1	2	2	6	1	3	2	4	1	3	2	1	1	2	3	1	1	4	2	94
216839	1	1	3	3	2	1	1	1	2	0	6	1	1	2	1	13	1	1	1	1	2	2	1	2	1	1	2	3	8	3	5	3	5	1	4	2	1	1	2	3	1	1	3	2	102
272147	2	1	4	2	2	1	1	1	2	0	7	1	1	2	1	15	1	1	1	1	2	3	1	2	1	1	2	2	6	3	3	3	6	1	4	1	1	2	2	5	1	1	4	2	106
216819	3	2	2	4	2	1	1	1	2	1	7	1	1	2	1	16	1	1	1	1	1	4	1	2	1	2	2	1	8	2	5	3	5	1	3	2	2	1	2	3	1	1	4	2	110
272796	1	1	3	2	2	0	1	1	2	1	7	1	1	2	1	19	1	1	1	1	2	3	1	2	1	1	2	1	9	2	4	3	8	1	2	2	1	1	2	3	1	1	5	2	109
273783	1	1	3	2	2	1	1	1	2	1	8	1	1	2	1	18	1	1	1	1	2	3	1	2	1	1	1	1	9	2	4	3	7	1	2	2	1	1	2	3	1	1	5	2	108
530563	1	1	1	2	2	1	1	1	1	1	4	1	1	1	1	7	1	1	1	1	1	2	1	1	1	1	2	1	2	1	1	2	0	1	2	1	1	1	2	3	0	1	2	2	63
273702	1	1	2	2	2	1	1	1	2	1	7	1	1	2	1	11	1	1	1	1	1	1	1	1	1	1	2	1	5	1	4	1	3	1	3	1	1	1	2	3	1	1	4	2	84
216832	1	1	2	2	2	1	1	1	2	1	7	1	1	2	1	11	1	1	1	1	1	1	1	1	1	1	2	1	5	1	4	1	3	1	3	1	1	1	2	3	1	1	4	2	84
272116	1	1	2	2	2	1	1	1	1	0	5	1	1	2	1	13	1	1	1	1	1	2	1	2	1	1	2	2	6	1	3	3	6	1	4	2	1	1	2	3	1	1	4	2	92
216821	1	1	3	2	2	1	1	1	1	1	7	1	1	2	1	13	1	1	1	1	1	2	1	1	1	1	3	1	5	1	6	1	2	1	4	2	1	1	1	2	1	1	4	2	89
273874	1	1	2	2	1	1	1	1	1	1	8	1	1	1	1	9	1	1	1	1	1	2	1	1	1	1	2	1	6	1	6	1	4	1	3	1	1	0	1	4	1	1	4	2	84
274021	1	1	4	2	2	1	1	1	2	1	7	1	1	2	1	11	1	1	1	1	1	2	1	2	1	1	3	3	4	1	2	1	6	1	3	1	1	1	2	3	1	1	4	2	91
274062	1	1	3	3	2	1	1	1	1	1	5	2	1	2	1	15	1	1	1	1	1	2	1	1	1	1	4	1	4	1	6	2	4	1	3	2	1	1	2	3	1	1	4	2	95
273675	2	1	2	3	2	1	1	2	2	1	8	2	1	2	1	14	1	1	1	1	1	3	1	2	1	1	2	1	5	1	4	2	3	1	3	3	1	1	2	2	1	1	5	2	98
273693	1	1	3	3	2	1	1	1	1	1	5	2	1	2	1	16	1	1	1	1	1	2	1	1	1	1	4	1	5	1	4	2	4	1	4	2	1	0	2	3	1	1	4	2	95
272794	2	1	2	3	2	1	1	1	1	1	5	2	1	2	1	23	1	1	1	1	2	3	1	2	1	1	1	4	10	1	6	2	5	1	2	3	2	1	2	3	1	1	4	2	114
530288	1	1	1	2	1	1	1	1	1	1	5	1	1	2	1	7	1	1	2	1	1	2	1	1	1	1	2	1	5	1	1	1	0	1	2	1	1	1	2	3	1	1	3	2	69
530316	1	1	3	2	3	1	1	1	2	2	8	1	1	1	1	7	1	1	1	1	1	2	1	2	1	1	3	1	6	1	1	2	3	1	2	1	1	0	2	1	1	1	3	2	80
530315	1	1	2	3	1	1	1	1	1	0	4	1	1	1	1	8	1	1	1	1	1	2	1	2	1	1	2	1	3	1	1	3	1	1	2	1	1	0	2	6	1	1	2	2	71
530304	0	0	0	0	0	0	1	0	1	0	0	0	0	2	0	1	0	0	0	0	1	0	0	0	0	0	1	1	0	0	0	0	0	0	0	0	0	0	0	0	0	0	0	0	8
274170	2	1	4	2	2	1	1	1	1	1	7	1	1	2	1	14	1	1	1	1	2	4	1	2	1	1	3	1	6	1	4	2	6	1	2	1	1	1	2	3	1	1	4	2	99
530313	1	1	2	3	2	1	1	1	1	1	8	1	1	2	1	11	1	1	2	1	1	2	1	3	1	2	2	1	5	1	3	3	6	1	2	2	1	1	2	3	1	2	4	2	95
273865	2	1	4	2	2	1	1	1	2	0	7	1	1	2	1	18	1	1	1	1	2	3	1	2	1	1	2	2	6	2	3	4	6	1	4	1	1	2	2	3	1	1	4	2	107
216918	1	1	3	3	2	1	1	1	1	0	9	1	1	2	1	12	1	1	1	1	1	2	1	2	1	1	1	1	6	2	2	3	6	1	2	1	1	1	2	3	1	2	2	2	91
272410	1	1	3	3	2	1	1	1	2	0	9	2	1	2	1	13	1	1	1	1	1	2	1	2	1	1	2	1	7	2	6	4	4	1	3	1	1	1	2	3	1	1	4	2	101
530282	1	1	1	2	1	1	1	1	1	1	4	1	1	2	1	8	1	1	1	1	1	2	1	1	1	1	2	1	3	1	1	2	1	1	2	1	1	1	2	3	0	1	2	2	66
272482	1	1	2	2	2	1	1	1	1	1	5	1	1	2	1	9	1	1	1	1	1	2	1	1	1	1	2	1	5	1	2	2	4	1	3	1	1	1	2	3	1	1	4	2	80
272452	1	2	3	2	1	1	1	1	1	0	4	1	1	2	1	11	1	1	1	1	1	2	1	1	1	1	2	3	4	1	3	2	7	1	4	2	1	1	2	3	1	1	3	2	87
272863	1	1	1	3	1	2	1	1	1	0	1	1	1	0	0	3	1	1	1	1	1	2	1	1	1	1	1	0	4	1	3	1	5	1	3	1	1	1	2	3	1	1	3	2	63
277114	1	1	3	3	2	1	1	1	2	0	9	2	1	2	1	13	1	1	1	1	2	2	1	2	1	1	3	2	11	2	5	4	4	1	3	1	1	1	2	3	1	1	3	2	106
216830	1	1	2	3	2	1	1	1	2	0	10	2	1	2	1	18	1	1	1	1	1	2	1	2	1	1	2	2	8	1	3	2	6	1	4	2	1	2	2	3	1	1	4	2	107
272761	1	1	3	3	1	1	1	1	2	1	10	2	1	2	1	18	1	1	1	1	1	2	1	2	1	1	3	2	9	2	5	3	5	1	4	2	1	1	2	3	1	1	4	2	112
530564	1	1	3	2	2	1	1	1	2	0	9	2	1	1	1	12	1	1	1	1	1	2	1	2	1	1	3	1	6	1	3	2	5	1	1	1	1	1	2	3	0	1	3	2	89
530301	1	1	2	3	1	1	1	1	1	0	6	1	2	2	1	11	1	1	1	1	1	2	1	1	1	1	2	1	5	1	4	3	2	1	4	1	2	1	2	3	1	1	3	2	85
277101	1	1	2	2	2	1	1	1	2	0	6	1	1	2	1	18	1	1	1	1	2	2	1	2	1	1	3	1	6	1	7	4	5	1	3	2	1	1	2	4	1	1	4	2	104
274143	1	1	2	3	1	1	1	1	1	0	5	1	1	2	1	11	1	1	1	1	1	2	1	1	1	1	2	1	4	1	3	2	3	1	3	1	1	1	2	3	1	1	4	2	80
274001	1	1	3	2	2	1	1	1	1	1	8	1	1	2	1	8	1	1	1	1	1	2	1	2	1	1	2	1	4	1	2	2	4	1	2	1	1	1	2	2	1	1	3	2	80
277110	1	1	3	2	2	1	1	1	1	1	8	1	1	2	1	10	1	1	1	1	1	2	1	2	1	1	2	2	4	1	2	2	3	1	2	1	1	1	2	2	1	1	4	2	83
274005	1	1	4	2	2	1	1	1	1	1	7	1	1	2	1	11	1	1	1	1	1	2	1	2	1	1	2	1	4	1	2	2	5	1	3	1	1	1	2	2	1	1	3	2	85
216864	1	1	3	2	2	1	1	1	1	1	9	1	1	2	1	8	1	1	1	1	1	2	1	2	1	1	2	1	4	1	2	2	4	1	2	1	1	1	2	2	1	1	3	2	81
216799	1	1	2	3	2	1	1	1	2	1	10	1	1	2	1	14	1	1	1	1	1	2	1	2	1	1	4	1	7	2	4	2	8	1	3	1	1	2	2	3	1	1	4	2	105
216815	1	1	3	3	2	1	1	1	2	1	10	1	1	2	1	14	1	1	1	1	1	3	1	2	1	1	3	1	7	2	4	2	6	1	2	1	1	2	2	3	1	1	3	2	102
216833	1	1	2	2	2	1	1	1	2	1	8	1	1	2	1	15	1	1	1	1	1	2	1	2	1	1	3	1	6	2	4	2	8	1	3	1	1	2	2	3	1	1	4	2	101
272239	1	1	2	4	2	1	1	1	2	1	8	2	1	2	1	10	1	1	1	1	1	2	1	3	1	1	2	1	6	1	2	2	4	1	3	2	1	1	2	3	1	2	4	3	94
277290	1	1	2	2	2	1	1	1	2	1	8	1	1	2	1	12	1	1	1	1	2	2	1	2	1	1	3	1	6	1	2	3	5	1	2	1	1	1	2	3	1	1	4	2	92
216823	1	1	3	4	2	1	1	1	1	1	10	1	1	2	1	11	1	1	1	1	1	2	1	2	1	1	2	1	7	1	3	4	4	1	2	1	1	1	2	3	1	1	4	2	95
272922	1	1	2	4	2	1	1	1	1	1	10	1	1	2	1	11	1	1	1	1	1	2	1	2	1	1	2	1	7	1	3	4	5	1	2	1	1	1	2	3	1	1	4	2	95
272503	1	1	1	2	2	1	1	1	1	1	8	1	1	2	1	8	1	1	1	1	1	2	1	2	1	1	2	2	4	1	3	2	3	1	2	2	1	1	2	2	1	1	4	2	81
216834	1	1	2	2	1	1	1	1	1	0	5	1	1	2	1	10	1	1	1	1	1	3	1	1	1	1	3	1	5	1	3	3	5	1	4	3	1	1	1	3	1	1	3	2	85
530280	1	1	2	2	2	1	1	1	1	1	10	1	1	2	1	10	1	1	2	1	1	2	1	3	1	1	2	1	6	1	1	2	3	1	2	1	1	0	2	3	1	1	3	3	86
277161	1	1	2	2	1	1	1	1	1	0	5	1	1	2	1	11	1	1	1	1	1	3	1	1	1	1	3	1	5	1	4	3	5	1	4	1	1	1	1	5	1	1	3	2	87
272758	2	1	2	4	2	1	1	1	2	1	6	1	1	2	1	12	1	1	1	1	1	4	1	2	1	1	2	1	5	1	4	2	9	1	2	1	1	1	2	3	1	1	4	2	97
530318	1	1	1	2	1	1	1	1	1	1	5	1	1	2	1	8	1	2	3	1	1	2	1	1	1	1	2	1	3	1	1	4	2	1	2	1	1	1	1	3	1	1	3	2	74
216826	1	1	5	2	2	1	1	1	2	1	6	1	1	2	1	12	1	1	1	1	1	2	1	2	1	1	3	2	4	1	3	2	6	1	2	1	1	1	2	3	1	1	4	2	92
273945	1	1	5	2	2	1	1	1	2	1	7	1	1	2	1	11	1	1	1	1	1	3	1	2	1	1	3	3	4	1	2	1	5	1	3	1	1	1	2	3	1	1	4	2	92
273144	1	1	5	2	2	1	1	1	2	1	6	1	1	2	1	12	1	1	1	1	1	2	1	2	1	1	3	2	4	1	3	2	6	1	2	1	1	1	2	3	1	1	4	2	92
273650	1	1	2	2	2	1	1	1	1	1	6	1	1	1	1	12	1	2	2	1	1	2	1	1	1	1	2	1	3	1	1	4	1	1	3	1	1	1	1	2	1	1	2	2	77
274904	1	1	2	2	2	1	1	1	2	1	8	1	1	2	1	15	1	1	1	1	1	2	1	2	1	1	3	1	6	2	4	2	7	1	3	1	1	2	2	3	1	1	4	2	100
273996	1	1	2	2	2	1	1	1	2	1	8	1	1	2	1	12	1	1	1	1	1	2	1	2	1	1	2	1	7	1	3	2	5	1	3	1	1	1	2	3	1	1	4	2	92
272342	1	1	3	2	2	1	1	1	2	1	8	1	1	2	1	12	1	1	1	1	1	2	1	2	1	1	2	1	7	1	3	2	5	1	3	1	1	1	2	3	1	1	4	2	93
216894	1	2	2	5	1	1	1	1	1	0	5	1	1	2	1	13	1	1	1	1	1	2	1	1	1	1	2	1	7	1	2	3	4	1	3	1	1	1	2	3	1	1	4	2	89
530289	1	1	1	2	2	1	1	1	1	0	7	1	1	1	1	7	1	1	1	1	1	2	1	1	1	1	2	1	5	1	1	2	0	1	3	1	1	0	1	2	0	1	3	2	67
300450	1	1	3	2	2	1	1	1	2	1	8	1	1	2	1	20	1	1	1	1	2	3	1	2	1	1	3	1	9	2	4	3	8	1	2	1	1	1	2	3	1	1	5	2	112
232473	1	1	3	2	2	1	1	1	2	1	8	1	1	2	1	19	1	1	1	1	2	3	1	2	1	1	3	1	9	2	4	3	8	1	2	1	1	1	2	3	1	1	5	2	111
274059	2	1	1	3	2	1	1	1	2	1	7	1	1	2	1	12	1	1	1	1	1	4	1	2	1	1	2	1	6	1	5	2	8	1	2	1	1	1	2	3	1	1	4	2	97
300442	1	1	3	2	2	1	1	1	2	1	8	1	1	2	1	18	1	1	1	1	2	3	1	2	1	1	3	1	9	2	4	3	9	1	2	1	1	1	2	3	1	1	5	2	111
277281	1	1	3	2	2	1	1	1	1	1	9	1	1	2	1	11	1	1	1	1	1	2	1	2	1	1	2	2	4	1	2	2	4	1	3	2	1	1	2	2	1	1	3	2	87
272580	1	1	4	4	2	2	1	1	1	2	11	1	2	2	2	15	1	1	1	1	1	2	1	2	1	1	2	3	6	1	3	2	3	1	3	1	1	1	2	2	1	1	6	3	106
272426	1	1	2	2	2	1	1	1	2	1	8	1	1	2	1	8	1	1	1	1	1	2	1	1	1	1	3	1	4	2	5	2	4	1	4	1	1	1	2	3	1	1	4	2	88
277683	1	1	2	2	2	1	1	1	2	1	8	1	1	2	1	8	1	1	1	1	1	2	1	1	1	1	3	1	4	2	5	2	3	1	3	1	0	1	2	3	1	1	4	2	85
277009	1	1	2	2	1	1	1	1	1	0	5	1	1	2	1	8	1	1	1	1	1	3	1	1	1	1	2	2	5	1	3	2	6	1	4	1	1	1	1	3	1	1	3	2	81
216838	1	1	4	2	2	1	1	1	2	1	10	1	1	2	1	15	1	1	1	1	1	2	1	2	1	1	3	1	7	1	4	3	10	1	3	2	1	1	2	3	1	1	4	2	108
529899	1	1	2	3	2	1	1	1	2	1	8	1	2	2	1	18	1	1	1	1	1	2	1	2	1	1	3	1	6	2	4	2	6	1	2	1	1	2	2	3	1	1	4	2	103
216914	1	1	2	3	3	1	1	1	2	1	8	1	1	2	1	17	1	1	1	1	1	2	1	2	1	2	4	1	7	3	4	2	7	1	4	1	1	2	2	3	1	1	4	2	109
216827	1	1	3	2	2	1	1	1	2	1	9	1	2	2	1	13	1	1	1	1	1	2	1	3	1	1	3	1	7	1	4	2	9	1	3	1	1	1	2	3	1	1	4	2	103
272340	1	1	2	3	2	1	1	1	2	1	8	1	1	2	1	15	1	1	1	1	1	2	1	3	1	2	3	1	6	2	4	2	8	1	2	1	1	2	2	3	1	1	4	2	103
272919	0	0	0	0	0	0	0	0	0	0	0	0	0	0	0	0	0	0	0	0	0	0	0	0	0	0	0	0	0	0	0	0	0	0	0	0	0	0	0	0	0	0	0	0	0
273968	1	1	2	4	2	2	1	1	1	1	9	1	1	2	1	11	1	1	1	1	1	2	1	2	1	1	4	2	7	1	4	2	5	1	2	1	1	2	2	2	1	1	3	2	96
216848	1	1	3	4	2	1	1	1	1	1	11	1	1	1	1	18	1	1	1	1	1	2	1	2	1	1	3	1	7	1	3	2	5	1	3	1	1	1	2	2	1	1	4	2	102
216916	2	1	2	2	1	1	1	1	1	0	4	1	1	2	1	10	1	1	1	1	1	3	1	1	1	1	2	1	5	1	4	2	4	1	3	1	1	1	2	3	1	1	4	2	82
277175	1	2	2	4	2	1	1	1	2	1	5	1	1	2	1	12	1	1	1	1	1	3	1	2	1	1	2	2	4	1	3	2	5	1	3	1	1	1	2	3	1	1	4	2	91
530283	1	1	1	2	1	1	1	1	1	0	5	1	1	2	1	8	1	2	2	1	1	3	1	1	1	1	2	1	3	1	1	4	1	1	3	1	1	1	1	3	1	1	3	2	73
530287	1	1	1	1	2	1	2	1	2	1	6	1	1	1	1	7	1	2	2	1	1	2	1	1	1	1	2	1	4	1	1	4	2	1	4	1	1	1	1	3	1	1	2	2	76
530290	1	1	1	2	1	1	1	1	1	1	4	1	1	1	1	7	1	1	1	1	1	2	1	2	1	1	2	1	4	1	1	2	2	1	2	2	1	0	1	3	0	2	3	2	68
273686	1	1	2	3	1	1	1	1	1	0	5	1	1	2	1	13	1	1	1	1	1	3	1	1	1	1	3	1	4	1	3	4	3	1	3	1	1	1	2	3	1	1	4	2	86
272840	1	1	2	3	1	1	1	1	1	0	6	1	1	2	1	12	1	1	1	1	1	2	1	1	1	1	3	1	6	1	3	4	3	1	3	1	1	1	2	3	1	1	4	2	87
273768	1	2	2	3	2	1	1	1	2	1	6	1	1	2	1	13	1	1	1	1	1	3	1	2	1	1	2	2	7	1	4	2	7	1	3	3	1	1	2	3	1	1	5	2	101
273920	1	2	2	3	2	1	1	1	2	1	6	1	1	2	1	13	1	1	1	1	1	3	1	2	1	1	1	2	7	1	4	2	8	1	3	2	1	1	2	3	1	1	5	2	100
216911	1	2	2	3	2	1	1	1	2	1	6	1	1	2	1	13	1	1	1	1	1	3	1	2	1	1	2	2	7	1	4	2	7	1	3	2	1	1	2	3	1	1	5	2	100
201120	1	1	3	2	2	1	1	1	2	1	8	1	1	2	1	18	1	1	1	1	2	3	1	2	1	1	3	1	10	2	4	3	9	1	2	1	1	1	2	3	1	1	5	2	112
289736	1	1	2	4	2	1	1	1	2	1	8	2	1	2	1	12	1	1	1	1	2	2	1	2	1	1	2	2	6	1	3	2	4	1	3	2	1	1	2	3	1	1	4	2	96
509855	1	1	1	2	1	1	1	0	1	0	2	1	1	1	1	3	1	1	1	1	1	3	1	1	1	1	1	1	3	1	1	2	3	1	2	1	1	1	1	2	1	1	2	2	57
311083	1	1	2	4	2	1	1	1	2	1	9	1	1	2	1	11	1	1	1	1	1	2	1	3	1	2	2	1	7	1	4	4	5	1	3	2	1	1	2	3	1	1	4	2	100
311084	1	1	2	4	2	1	1	1	2	1	9	2	1	2	1	13	1	1	1	1	1	2	1	2	1	1	2	1	6	1	3	3	5	1	3	2	1	1	2	3	1	1	4	2	98
201174	1	1	3	3	1	1	1	1	1	1	7	1	1	2	0	11	1	1	1	1	1	3	1	1	1	1	3	1	5	1	6	1	2	1	4	1	1	0	1	3	1	1	4	2	86
272367	1	1	1	2	1	1	1	1	1	1	4	1	1	1	1	7	1	1	1	1	1	2	1	2	1	1	2	1	4	1	1	2	3	1	2	2	1	1	1	3	1	2	3	2	71
201173	1	2	3	4	2	1	1	1	2	1	8	1	1	2	1	16	1	1	1	1	1	3	1	2	1	1	3	3	10	1	4	3	7	1	3	2	1	1	2	3	1	1	5	2	113
201175	1	1	3	2	2	1	1	1	2	1	8	1	1	2	1	18	1	1	1	1	2	3	1	2	1	1	3	1	10	2	4	3	9	1	2	1	1	1	2	3	1	1	5	2	112
201179	1	1	3	2	1	1	1	1	1	1	7	1	1	2	0	11	1	1	1	1	1	2	1	1	1	1	3	1	5	1	6	1	3	1	4	1	1	1	1	2	1	1	4	2	85
201176	1	1	3	2	2	1	1	1	2	1	8	1	1	2	1	18	1	1	1	1	2	3	1	2	1	1	3	1	10	2	4	3	9	1	2	1	1	1	2	3	1	1	5	2	112
201166	1	1	3	2	2	1	1	1	2	1	8	1	1	2	1	18	1	1	1	1	2	3	1	2	1	1	3	1	10	2	4	3	9	1	2	1	1	1	2	3	1	1	5	1	111
201180	1	1	3	2	2	1	1	1	2	1	8	1	1	2	1	18	1	1	1	1	2	3	1	2	1	1	3	1	10	2	4	3	9	1	2	1	1	1	2	3	1	1	5	2	112
201177	1	1	2	3	1	1	1	1	1	1	8	1	1	2	1	10	1	1	1	1	1	2	1	1	1	1	3	1	5	1	4	1	3	1	3	1	1	1	1	1	1	1	5	2	83
201178	1	1	3	2	2	1	1	1	2	1	8	1	1	2	1	18	1	1	1	1	2	3	1	2	1	1	3	1	10	2	4	3	9	1	2	1	1	1	2	3	1	1	5	2	112
273890	1	2	2	4	1	1	1	1	1	0	5	1	1	2	1	10	1	1	1	1	1	2	1	1	1	1	2	4	9	1	5	5	7	1	5	1	1	1	2	3	1	1	4	2	100
272389	1	1	2	4	2	1	1	1	2	1	7	1	1	2	1	10	1	1	1	1	1	2	1	1	1	1	2	1	8	1	2	2	6	1	3	2	1	1	1	3	1	1	4	2	91
272628	2	1	3	4	2	1	1	1	2	1	8	1	1	2	1	12	1	1	1	1	1	4	1	2	1	1	2	1	5	1	5	2	10	1	2	1	1	1	2	4	1	1	4	2	103
273830	1	2	5	4	2	1	1	1	2	1	6	1	1	1	1	12	1	1	1	1	1	2	1	2	1	1	2	2	7	2	3	2	5	1	3	1	1	1	2	4	1	1	4	2	98
272917	1	1	2	3	2	1	1	1	2	1	9	1	1	2	1	14	1	1	1	1	1	2	1	2	1	1	3	1	8	2	4	3	6	1	3	2	1	2	2	3	1	1	4	2	104
274252	1	1	3	2	2	1	1	1	2	1	9	1	1	2	1	14	1	1	1	1	1	2	1	2	1	1	2	1	5	2	6	3	8	1	2	1	1	1	2	3	1	1	4	2	101
272610	1	1	1	2	2	1	1	1	1	1	4	1	1	2	1	7	1	1	2	1	1	2	1	2	1	1	2	1	3	1	2	2	3	1	3	1	1	2	2	3	1	1	3	2	75
216851	1	1	1	2	1	1	1	1	1	1	4	1	1	2	1	8	1	1	2	1	1	2	1	2	1	1	2	1	5	1	2	2	2	1	3	1	1	1	1	3	1	1	3	2	74
272351	1	1	2	2	1	1	1	1	1	1	3	1	1	2	1	8	1	1	1	1	1	2	1	2	1	1	2	2	4	1	3	2	4	1	5	2	1	1	2	3	1	1	3	2	80
216801	1	1	1	2	1	1	1	1	1	1	4	1	1	2	1	8	1	1	2	1	1	2	1	2	1	1	2	3	3	1	1	2	3	1	2	2	1	1	1	3	1	1	3	2	74
273947	1	3	2	4	2	1	1	1	2	1	6	1	1	1	1	15	1	1	1	1	1	2	1	2	1	1	2	1	6	1	3	2	6	1	3	1	1	1	2	3	1	1	4	2	96
274199	1	1	2	3	1	1	1	1	1	0	5	1	1	2	1	13	2	1	1	1	1	2	1	1	1	1	3	1	5	1	3	3	4	1	3	1	1	1	2	3	1	1	3	2	86
274133	1	1	2	3	1	1	1	1	1	0	5	1	1	2	1	15	2	1	1	1	1	2	1	1	1	1	3	1	6	1	2	3	3	1	3	1	1	1	2	2	1	1	3	2	86
272531	2	1	2	3	1	1	1	1	1	0	5	1	1	2	1	15	1	1	1	1	1	4	1	1	1	2	4	1	5	1	2	3	3	1	3	1	1	1	2	2	1	1	4	2	90
216817	1	1	2	3	1	1	1	1	1	0	5	1	1	2	1	15	1	1	1	1	1	3	1	1	1	2	4	1	5	1	2	3	3	1	3	1	1	1	2	2	1	1	4	2	88
272523	1	1	2	2	1	1	1	1	1	0	5	1	1	2	1	14	2	1	1	1	2	2	1	1	1	1	3	1	4	1	2	3	3	1	3	1	1	1	2	3	1	1	3	2	84
273946	1	1	2	4	1	1	1	1	1	0	5	1	1	2	1	16	2	1	1	1	1	2	1	1	1	2	3	1	6	1	2	3	2	1	3	1	1	1	3	2	1	1	2	2	88
273777	1	1	2	3	1	1	1	1	1	0	5	1	1	2	1	16	2	1	1	1	1	2	1	1	1	1	3	1	5	1	2	3	2	1	3	2	1	1	2	3	1	1	3	2	87
216843	1	1	2	2	1	1	1	1	1	0	5	1	1	2	1	13	1	1	1	1	1	2	1	1	1	1	2	1	5	1	3	4	3	1	3	1	1	1	2	3	1	1	4	2	84
272320	1	1	3	5	1	1	1	1	1	0	6	1	1	2	2	13	1	1	1	1	1	3	1	1	1	1	4	1	7	1	3	3	3	1	3	1	1	1	2	3	1	1	4	2	94
274760	1	1	2	3	1	1	1	1	1	0	5	1	1	2	1	14	2	1	1	1	1	2	1	1	1	2	3	1	5	1	2	3	3	1	3	1	1	1	2	3	1	1	3	2	86
272530	1	1	2	3	1	1	1	1	1	0	5	1	1	2	2	13	2	1	1	1	1	2	1	1	1	1	3	1	5	1	3	3	4	1	3	1	1	1	2	3	1	1	3	2	87
274229	1	1	3	4	1	1	1	1	1	0	6	1	1	2	1	11	1	1	1	1	1	3	1	1	1	1	3	1	6	1	3	3	3	1	3	1	1	1	1	3	1	1	4	2	87
277085	1	1	2	3	2	1	1	1	1	0	5	1	1	2	1	16	2	1	1	1	1	2	1	1	1	1	3	1	5	2	2	3	3	1	3	1	1	1	2	3	1	1	3	2	89
277678	1	1	2	3	1	1	1	1	1	0	5	1	1	2	1	16	2	1	1	1	1	2	1	1	1	2	3	1	5	1	2	3	3	1	3	1	1	1	2	2	1	1	3	2	87
277109	2	1	2	2	1	1	1	1	1	0	5	1	1	2	1	14	1	1	1	1	1	4	1	1	1	1	4	1	6	1	2	3	3	1	3	1	1	1	2	2	1	1	3	2	87
272266	2	1	2	3	1	1	1	1	1	0	5	1	1	2	2	13	1	1	1	1	1	4	1	1	1	2	4	1	7	1	3	3	3	1	3	1	1	1	2	3	1	1	4	2	93
216844	1	1	3	5	1	1	1	1	1	0	6	1	1	2	1	11	1	1	1	1	1	3	1	1	1	2	3	1	6	1	3	3	3	1	3	1	1	1	1	3	1	1	4	2	89
273715	1	1	2	4	1	1	1	1	1	0	6	1	1	2	1	12	1	1	1	1	1	3	1	1	1	1	4	1	5	1	2	3	3	1	3	2	1	1	2	3	1	1	4	2	88
273938	1	1	4	5	1	1	1	1	2	0	9	1	1	1	1	12	1	1	1	1	1	2	1	4	1	2	3	1	5	1	3	2	8	1	2	1	2	2	2	5	1	1	3	2	102
273957	1	1	2	2	2	1	1	1	2	1	5	1	1	2	1	10	1	1	1	1	1	2	1	1	1	1	3	1	7	1	2	2	6	2	4	2	1	1	2	3	1	1	4	2	90
273812	1	1	2	2	2	1	1	1	2	1	9	1	1	2	1	12	1	1	1	1	1	2	1	2	1	1	2	1	7	2	3	2	5	1	3	1	1	2	2	4	1	1	4	2	96
272646	1	1	2	2	2	1	1	1	1	1	7	1	1	1	1	7	1	1	1	1	1	2	1	2	1	1	2	1	5	1	1	2	3	1	2	1	1	1	2	3	1	1	3	2	76
216822	1	1	2	2	2	1	1	1	1	1	9	1	1	1	1	7	1	1	1	1	1	2	1	2	1	1	2	1	5	1	1	2	3	1	2	2	1	1	2	3	1	1	3	2	79
274017	0	2	3	3	2	1	1	1	1	1	6	1	1	2	1	16	1	1	1	1	2	2	1	2	1	1	1	3	8	1	3	2	5	1	2	2	1	1	2	3	1	1	5	2	99
216829	1	2	3	4	2	1	1	1	2	1	6	1	2	2	1	16	1	1	1	1	2	2	1	3	1	2	2	4	7	1	4	2	6	1	2	2	1	1	2	3	1	1	5	2	108
272401	1	1	3	2	2	1	1	1	1	1	8	1	2	2	1	11	1	1	1	1	1	2	1	2	1	1	2	2	4	1	1	2	3	1	2	2	1	1	2	2	1	1	4	2	85
530296	0	1	2	2	0	1	0	0	1	1	4	0	1	1	1	6	1	1	2	1	1	0	1	0	1	1	1	0	3	1	1	2	1	1	1	2	0	1	1	1	0	2	1	2	51
273989	1	1	2	2	1	1	1	1	1	1	6	1	1	1	1	8	1	1	2	1	1	2	1	1	1	1	2	1	4	1	1	2	3	1	2	1	1	2	2	2	1	2	2	2	74
216825	1	1	3	3	2	1	1	1	2	0	10	2	1	2	1	13	1	1	1	1	2	2	1	2	1	1	2	2	9	2	5	3	5	1	3	1	1	1	2	3	1	1	3	2	104
273770	1	1	3	4	2	1	1	1	2	0	9	2	1	2	1	13	1	1	1	1	2	2	1	2	1	1	3	2	7	2	6	4	4	1	3	1	1	1	2	3	1	1	3	2	104
277284	1	2	3	5	2	1	1	1	2	1	8	1	1	2	1	15	1	1	1	1	1	3	1	1	1	1	2	1	5	1	2	3	7	1	4	1	1	1	2	3	1	1	4	2	101
272237	1	2	3	5	2	1	1	1	3	1	7	1	1	2	1	16	1	1	1	1	1	3	1	1	1	1	2	1	5	1	2	3	4	1	5	1	1	1	2	3	1	1	4	2	100
272510	1	2	3	4	2	1	1	1	2	1	9	1	1	2	1	15	1	1	1	1	1	3	1	2	1	1	2	1	5	2	2	3	5	1	4	1	1	1	2	3	1	1	4	2	101
272409	1	1	2	3	1	1	1	1	1	0	5	1	1	1	1	13	1	1	1	1	1	2	1	1	1	1	2	1	5	1	2	1	4	1	3	1	1	1	2	3	1	1	4	2	81
273622	1	1	2	3	1	1	1	1	1	0	5	1	1	2	1	13	1	1	1	1	1	2	1	1	1	1	3	1	4	1	3	2	4	1	3	1	1	1	2	3	1	1	4	2	84
272781	1	1	2	2	1	1	1	1	1	0	5	1	1	2	1	11	1	1	1	1	1	2	1	1	1	1	3	1	5	1	3	2	4	1	3	1	1	1	2	3	1	1	4	2	82
272834	1	1	3	2	2	1	1	1	2	1	8	1	1	2	1	13	1	1	1	1	1	2	1	2	1	1	3	1	6	1	3	3	5	1	3	1	1	1	2	3	1	1	4	2	95
272331	1	1	1	2	1	1	1	1	1	1	4	1	1	2	1	7	1	1	2	1	1	2	1	2	1	1	2	1	4	1	2	2	4	1	3	1	1	1	1	3	1	1	3	2	74
530281	1	1	1	2	1	1	1	1	1	0	4	1	1	1	1	7	1	2	2	1	1	2	1	1	1	1	2	1	2	1	1	3	1	1	3	1	1	0	1	3	0	1	2	2	64
530321	1	1	1	2	1	1	1	1	1	1	3	1	1	1	1	7	1	1	2	1	1	2	1	0	1	1	3	1	2	1	1	3	1	1	2	1	1	1	2	3	1	1	1	2	64
530566	1	1	2	2	2	1	1	1	1	0	4	1	1	2	0	8	1	1	1	1	1	2	1	1	1	1	2	2	4	1	5	2	7	1	4	1	1	1	2	3	1	1	3	2	82
