RastId	Phosphoglycerate_dehydrogenase	Phosphoserine_aminotransferase	glycine_hydroxymethyltransferase	serine_O_acetyltransferase	Cysteine_synthase	Glucose_kinase	Glucose_6_phosphate_isomerase	Phosphofructokinase	Fructose_biphosphate_aldolase	Triosephosphate_isomerase	glyceraldehyde3phosphate_dehydrogenase	phosphoglycerate_kinase	phosphoglycerate_mutase	enolase	Pyruvate_kinase	Aspartate_transaminase	Asparagine_synthase	Aspartate_kinase	Aspartate_semialdehyde_dehydrogenase	Homoserine_dehydrogenase	Homoserine_kinase	Threonine_synthase	dihydropicolinate_synthase	dihydropicolinate_reductase	succinyldiaminopimelate_transaminase	succinyl_diaminopimelate_desuccinylase	diaminopimelate_epimerase	diaminopimelate_decarboxylase	cystathione_gamma_synthetase	Methionine_synthase	argininosuccinate_lyase	Glucose_6_phosphate_dehydrogenase	6_phosphogluconolactonase	phosphogluconate_dehydrogenase	Ribulose_phosphate_3_epimerase	Ribose_5_phosphate_isomerase	transketolaseA	transaldolase	ribosephosphate_pyrophosphokinase	ATP_phosphoribosyltransferase	phosphoribosyl_ATP_diphosphatase	phosphoribosyl_AMP_cyclohydrolase	imidazole_glycerol_phosphate_synthase_H	imidazoleglycerol_phosphate_dehydratase	histidinolphosphate_aminotransferase	histidinol_phosphatase	histidinol_dehydrogenase	Citrate_synthase	dihydrolipoamide_acetyltransferase	succinylCoA_synthetase_subunit_beta	succinylCoA_synthetase_subunit_alpha	Succinate_dehydrogenase_flavoprotein	fumarate_reductase_ironsulfur_subunit	fumarate_hydratase	malate_dehydrogenase	3_dehydroquinate_synthase	3_dehydroquinate_dehydratase	Shikimate_dehydrogenase	Shikimate_kinase	3_phosphoshikimatecarboxyvinyltransferase	Chorismate_synthase	Anthranilate_synthase_component	Anthranilate_phosphoribosyltransferase	Phosphoribosyl_isomerase	Indole3glycerol_phosphate_synthase	Tryptophan_synthase_alpha	Tryptophan_synthase_beta	Chorismate_mutase	Prephenate_dehydrogenase	Aspartate_amino_transferase	Prephenate_dehydratase	Alanine_dehydrogenase	Threonine_ammonialiase	Acetolactate_synthase_large_subunit	Ketoacid_reductoisomerase	Dihydroxiacid_dehydratase	Dihydroxiacid_dehydratase	Isopropyl_malate_synthase	isopropylmalate_isomerase_large_subunit	isopropylmalate_isomerase_small_subunit	3isopropylmalate_dehydrogenase_4
391167	2	3	1	1	3	0	1	2	1	1	2	1	3	1	1	3	1	1	1	1	1	3	1	1	3	0	1	1	10	1	1	2	2	2	2	1	1	2	1	1	1	1	3	1	6	1	1	1	1	1	0	2	2	1	0	1	1	1	2	1	1	2	1	1	1	1	1	1	1	5	1	1	1	3	1	0	1	2	2	1	2
391181	2	2	1	1	2	1	1	2	2	1	2	1	4	1	3	2	1	1	1	1	1	3	1	1	1	0	1	1	8	1	1	2	1	1	1	0	1	2	1	1	1	1	3	1	5	1	1	1	1	1	0	2	2	1	2	1	1	1	2	1	1	2	1	1	1	1	1	1	1	4	1	1	1	3	1	1	2	2	2	1	2
391055	1	1	1	1	2	1	1	0	1	1	1	1	0	1	1	1	0	1	1	1	1	0	1	1	2	0	1	1	5	0	0	1	0	1	1	0	1	1	1	0	0	0	0	0	2	0	0	0	1	2	0	0	1	0	0	1	1	1	1	0	1	0	0	0	0	0	0	0	0	1	0	1	0	0	0	0	0	0	0	0	0
391033	3	3	1	2	2	1	1	1	1	0	2	1	3	1	2	3	3	1	1	1	1	2	1	1	5	0	0	1	7	2	1	1	1	1	1	0	1	1	1	0	1	2	2	1	6	1	2	1	1	2	1	2	2	1	1	1	1	0	2	1	1	2	1	2	1	0	1	1	1	4	1	2	0	2	1	1	2	2	0	1	1
390969	3	2	0	2	2	1	0	1	0	1	2	1	3	1	2	2	3	1	1	1	1	2	1	1	5	0	1	0	7	3	1	1	1	1	1	0	1	1	1	1	1	2	2	1	6	1	2	1	1	2	1	2	2	1	1	1	1	1	2	1	1	2	1	2	2	1	1	1	1	3	1	2	0	2	1	1	2	3	1	1	1
390855	2	2	1	2	2	1	1	2	1	1	2	1	3	1	2	1	3	1	1	1	1	1	1	1	4	0	1	1	8	3	1	0	1	1	1	0	1	1	1	1	1	2	2	1	6	2	2	1	1	2	1	2	2	0	1	1	1	1	2	1	1	2	1	2	0	1	1	1	1	3	1	2	0	2	1	1	2	2	1	1	1
390983	3	3	1	2	2	1	1	2	1	1	2	1	3	1	2	2	3	1	1	1	1	2	1	1	5	0	1	2	8	2	1	0	1	1	1	0	1	1	1	1	1	2	2	1	6	2	2	0	1	2	2	1	2	1	1	1	1	1	2	1	1	2	1	2	1	1	1	1	1	3	1	2	0	2	1	1	2	3	1	1	2
391042	2	3	1	2	2	1	1	2	1	1	2	1	3	1	2	3	3	1	1	1	1	2	1	1	4	0	1	1	8	2	1	1	1	1	1	0	3	1	1	1	1	2	2	1	6	2	2	1	1	2	1	2	2	1	1	1	1	1	2	1	1	2	1	2	1	1	1	1	1	4	1	2	0	2	1	1	2	3	1	1	1
390995	1	3	1	2	2	1	1	2	1	1	2	1	3	1	2	3	3	1	1	1	1	2	1	1	3	0	1	1	7	2	1	1	1	1	1	0	2	1	1	1	1	2	2	1	6	2	1	1	1	2	1	2	2	1	1	1	1	1	2	1	1	2	1	2	1	1	1	1	1	4	1	2	0	2	1	1	2	3	1	1	1
391197	1	2	1	2	3	1	1	3	1	1	2	1	3	1	2	4	2	1	1	1	1	2	1	1	1	0	1	2	9	1	1	1	1	1	1	0	1	1	1	1	1	1	2	1	7	1	1	1	1	1	0	2	1	1	1	1	1	1	2	1	1	3	1	2	1	1	1	1	1	4	1	2	1	2	1	1	1	3	1	1	1
390999	2	2	1	1	2	1	1	2	1	1	2	1	3	2	2	3	1	1	1	1	1	2	1	1	2	0	1	1	8	1	1	1	1	1	1	0	1	2	1	1	1	1	2	1	7	2	1	1	1	2	1	2	2	1	2	2	1	1	2	1	1	2	1	1	1	1	1	1	1	4	1	2	0	3	1	1	2	2	1	1	1
391174	2	3	1	1	3	1	1	4	1	1	2	1	3	1	1	4	2	1	1	1	1	2	1	1	3	0	1	1	7	1	1	1	1	1	1	0	1	1	1	1	1	1	2	1	7	2	1	1	1	2	1	2	3	1	2	3	1	1	2	1	1	3	1	1	1	1	2	1	1	4	1	2	1	2	1	1	1	2	1	0	1
391255	1	2	1	1	2	1	1	2	1	1	3	1	2	1	2	3	1	1	1	1	1	2	1	1	2	0	1	1	7	1	1	1	1	1	1	0	1	1	1	1	1	1	2	1	6	1	1	1	1	2	1	2	2	1	1	1	1	1	2	1	1	2	1	2	1	1	1	1	1	4	1	2	0	3	1	1	2	2	1	1	1
391251	1	2	1	1	2	1	1	3	1	1	2	1	1	1	1	2	1	1	1	1	1	2	1	1	2	0	1	1	8	1	1	1	1	1	1	0	1	1	1	1	1	1	2	1	6	1	1	1	1	2	1	2	2	1	2	1	1	1	2	1	1	2	1	2	1	1	1	1	1	3	1	2	0	2	1	1	2	2	1	1	1
390900	2	2	1	2	4	1	1	2	2	1	2	1	3	1	6	3	1	1	0	1	1	2	0	3	3	0	1	1	7	1	1	1	1	0	1	0	1	1	2	1	1	1	3	1	6	1	3	1	1	2	1	2	2	1	2	1	1	1	3	1	1	2	0	1	1	1	1	1	1	4	1	2	1	4	1	1	2	2	1	1	1
391118	2	2	1	1	3	1	1	3	2	1	2	1	3	1	4	4	1	1	1	1	1	2	1	1	5	0	1	1	7	1	1	1	1	1	1	0	1	1	1	1	1	1	3	1	7	1	2	1	1	2	1	2	2	1	2	2	1	1	2	1	1	2	1	2	1	1	1	1	1	5	1	2	1	3	1	1	2	2	1	1	1
391062	1	2	1	2	4	1	1	2	2	1	2	1	3	1	3	3	3	1	1	1	1	2	1	1	3	0	1	1	7	1	1	1	1	1	1	0	1	1	1	1	1	1	3	1	6	1	2	1	1	2	1	3	2	1	2	2	1	1	2	1	1	2	1	1	1	1	1	1	1	4	1	2	1	4	1	1	2	2	1	1	1
391123	2	2	1	3	4	1	1	2	1	1	2	1	3	1	3	3	1	1	1	1	1	2	1	1	5	0	1	1	7	1	1	1	1	1	1	0	1	1	1	1	1	1	3	1	7	1	2	1	1	2	1	2	2	1	2	2	1	1	2	1	1	2	1	1	1	1	1	1	1	4	1	2	1	4	1	1	2	2	1	1	1
391257	1	2	1	2	3	1	1	2	1	1	2	1	3	1	3	3	1	2	1	1	1	2	1	1	3	0	1	1	6	1	1	1	1	1	1	0	1	1	1	1	1	1	3	1	7	1	2	1	1	2	1	2	2	1	2	1	1	1	2	1	1	2	1	2	1	1	1	1	1	4	1	2	1	4	1	1	2	2	1	1	1
391160	1	2	1	2	3	1	1	2	1	1	2	1	3	1	3	3	1	1	1	1	1	2	1	1	3	0	1	1	6	1	1	1	1	1	1	0	1	1	1	1	1	1	3	1	7	1	2	1	1	2	1	2	2	1	2	1	1	1	2	1	1	2	1	2	1	1	1	1	1	4	1	2	1	4	1	1	2	2	1	1	1
391161	2	2	1	4	4	1	1	2	1	1	2	1	3	1	3	3	1	1	1	1	1	2	1	1	4	0	1	1	7	1	1	1	1	1	1	0	1	1	1	1	1	1	3	1	7	1	2	1	1	2	1	2	2	1	2	1	1	1	2	1	1	2	1	1	1	1	1	1	1	4	1	2	1	3	1	1	2	2	1	1	1
390842	1	2	1	1	3	1	1	2	1	1	2	1	4	1	3	3	1	1	1	1	1	2	1	1	4	0	1	1	6	2	1	1	1	1	1	0	1	1	1	1	1	1	3	1	7	1	2	1	1	2	1	2	2	1	2	2	1	1	2	1	1	2	1	1	1	1	1	1	1	4	1	2	1	3	1	1	2	2	2	1	2
390934	2	2	1	2	3	1	1	2	2	1	2	1	3	1	3	3	1	1	1	1	1	2	1	1	4	0	1	1	7	1	1	1	1	1	1	0	1	1	1	0	1	1	3	1	7	1	2	1	1	2	1	2	2	1	2	1	1	1	2	1	1	2	1	1	1	1	1	1	1	4	1	2	1	3	1	1	2	2	1	1	1
390986	1	2	1	2	3	1	1	2	1	1	2	1	4	1	3	3	1	1	1	1	1	2	1	1	3	0	1	1	7	1	1	1	1	1	1	0	1	1	1	1	1	1	3	1	8	1	2	1	1	2	1	2	2	1	2	1	1	1	2	1	1	2	1	1	1	1	1	1	1	4	1	2	1	3	1	1	2	3	2	1	2
390994	2	2	1	3	3	1	2	2	1	1	2	1	4	2	3	3	1	1	1	1	1	2	1	1	3	0	1	1	7	1	1	1	1	1	1	0	2	1	1	1	1	1	3	1	7	1	2	1	1	1	1	2	2	1	2	2	1	1	2	1	1	2	1	2	1	1	1	1	1	4	1	2	1	4	1	1	2	2	1	1	1
391037	1	2	1	2	3	1	1	2	2	1	2	1	3	1	2	3	1	1	1	1	1	2	1	1	4	0	1	1	6	1	0	1	1	1	1	0	1	1	1	1	1	1	3	1	7	1	2	1	1	2	1	2	2	1	2	2	1	1	2	1	1	2	1	2	1	1	1	1	1	4	1	2	1	4	1	1	2	2	1	1	2
390923	1	2	1	4	4	1	1	2	1	1	2	1	3	1	3	3	1	1	1	1	1	2	1	1	4	0	1	1	7	1	1	1	1	1	1	0	2	1	1	1	1	1	3	1	6	1	2	1	1	2	1	2	2	1	2	2	1	1	2	1	1	2	1	1	1	1	1	1	1	4	1	2	1	4	1	1	2	2	1	1	1
391100	1	2	1	3	3	1	1	2	1	1	2	1	3	1	3	3	1	1	1	1	1	2	1	1	3	0	1	1	6	1	0	1	1	1	1	0	1	1	1	1	1	1	3	1	7	1	2	1	1	2	1	2	2	1	2	1	1	1	2	1	1	2	1	1	1	1	1	1	1	4	1	2	1	4	1	1	2	2	1	1	1
391028	3	2	1	3	4	1	2	2	1	1	2	1	4	2	3	3	1	1	1	1	1	2	1	1	3	0	1	1	7	1	1	1	1	1	1	0	1	1	1	1	1	1	3	1	7	1	2	1	1	2	1	2	2	1	2	2	1	1	2	1	1	2	1	2	1	1	1	1	1	4	1	2	1	3	1	1	1	2	1	1	1
390843	2	2	1	2	4	1	1	2	1	1	2	1	3	1	3	3	2	1	1	1	1	2	1	1	3	0	1	1	7	1	1	1	1	1	1	0	1	1	1	1	1	1	3	1	6	1	2	1	1	2	1	2	2	1	2	2	1	1	2	1	1	2	1	1	1	0	1	1	1	4	1	2	1	3	1	1	2	2	1	1	1
391108	2	2	1	4	4	1	1	2	1	1	2	1	3	1	3	3	1	1	1	1	1	2	1	1	4	0	1	1	7	1	0	1	1	1	1	0	1	1	1	1	1	1	3	1	6	1	2	1	1	2	1	2	2	1	2	2	1	1	2	1	1	2	1	2	1	1	1	1	1	4	1	2	1	4	1	1	2	2	1	1	1
391064	2	2	1	2	4	1	1	2	3	1	2	1	3	1	3	3	1	1	1	1	2	2	1	2	4	0	1	1	9	1	2	1	1	1	1	0	1	2	1	1	1	1	3	1	9	2	3	1	2	2	1	1	2	1	2	1	1	1	3	1	1	3	0	1	1	1	1	1	1	5	1	2	1	4	1	1	3	2	1	1	1
390940	1	2	1	2	4	1	1	2	2	1	2	1	3	1	3	3	1	1	1	1	1	2	1	1	2	0	1	1	7	1	1	1	1	1	1	0	1	1	1	1	1	1	3	1	7	1	2	1	1	2	1	2	2	1	2	1	1	1	2	1	1	2	1	1	1	1	1	1	1	3	1	2	1	4	1	1	2	2	1	1	1
391207	2	2	1	2	3	1	1	2	1	1	2	1	4	1	3	3	2	1	1	1	1	2	1	1	4	0	1	1	6	1	1	1	1	1	1	0	2	1	1	1	1	1	3	1	7	1	2	1	1	2	1	2	2	1	2	2	1	1	2	1	1	2	1	2	1	1	1	1	1	4	1	1	1	3	2	1	2	2	1	1	1
391085	1	2	1	1	3	1	1	2	1	1	2	1	3	1	3	3	1	1	1	1	1	2	1	1	2	0	1	1	6	1	1	1	1	1	1	0	1	1	1	1	1	1	3	1	7	1	2	1	1	2	1	2	2	1	2	1	1	1	2	1	1	2	1	2	1	1	1	1	1	4	1	2	1	5	1	1	2	2	1	1	1
390838	3	3	1	2	4	1	1	2	1	1	3	1	1	1	4	3	5	1	1	1	1	2	1	1	3	0	1	2	11	1	1	1	1	1	1	0	1	2	1	0	1	1	2	1	7	2	1	1	1	2	1	2	2	1	1	1	1	1	2	1	1	3	1	2	1	1	2	1	1	4	1	2	2	4	1	1	2	3	2	1	1
390979	3	3	1	2	2	1	2	3	1	1	3	1	6	2	4	3	2	1	1	1	1	2	1	1	4	1	1	1	8	2	1	1	1	1	1	0	1	2	1	1	1	2	2	1	7	2	2	1	1	2	1	2	2	1	2	2	1	1	2	1	1	2	1	2	1	1	1	1	1	4	1	2	0	4	1	1	2	3	1	1	1
390894	3	3	1	2	2	1	1	2	1	1	2	1	3	1	2	3	2	1	1	1	1	2	1	1	4	1	1	1	8	1	1	1	1	1	1	0	1	2	1	1	1	2	2	1	7	2	2	1	1	2	1	2	2	1	1	2	1	1	2	1	1	2	1	2	1	1	1	1	1	4	1	2	0	2	1	1	2	3	1	1	1
391213	3	3	1	2	2	1	1	3	1	1	4	1	5	1	3	3	2	1	1	1	1	2	1	1	4	1	1	1	8	1	1	1	1	1	1	0	1	2	1	1	1	1	2	1	7	2	2	1	1	2	1	2	2	1	1	2	1	1	2	1	1	2	1	2	1	1	1	1	1	4	1	2	0	3	1	1	2	3	1	1	1
391182	1	3	1	3	2	1	1	4	1	1	2	1	5	1	2	3	1	1	1	1	1	2	1	1	1	1	1	1	8	1	1	1	1	1	1	0	1	2	1	1	1	1	2	1	7	2	2	1	1	2	1	2	2	1	2	3	1	1	2	1	1	4	2	2	2	2	2	1	1	4	1	3	1	5	1	1	2	4	1	1	1
391211	2	3	1	2	4	1	1	4	2	1	3	1	2	1	3	4	3	2	1	1	1	2	1	1	1	0	1	1	9	1	1	1	1	1	1	0	1	1	1	1	1	1	2	1	5	1	1	1	1	1	0	3	2	1	0	1	1	1	2	1	1	2	1	2	1	1	1	1	1	4	1	2	1	2	1	1	2	2	1	1	1
391176	2	3	1	4	2	1	1	3	1	1	2	1	3	1	2	4	1	1	1	1	1	2	1	1	2	1	1	1	10	1	1	1	1	1	1	0	1	2	1	1	1	1	2	1	7	2	2	1	1	2	1	2	2	1	2	2	1	1	2	1	1	3	2	2	2	2	3	1	1	5	1	3	0	4	1	1	2	5	1	1	1
391201	4	3	1	3	2	1	1	2	1	1	2	1	3	1	2	4	1	1	1	1	1	2	1	1	4	1	1	1	9	1	1	1	1	1	1	0	1	1	2	1	1	1	2	1	7	2	2	1	1	2	1	2	2	1	1	1	1	1	2	1	1	2	1	2	1	1	1	1	1	4	1	2	0	3	1	1	2	3	1	1	1
391172	4	3	1	3	2	1	1	2	1	1	2	1	3	1	2	4	1	1	1	1	1	2	1	1	4	1	1	1	9	1	1	1	1	1	1	0	1	1	2	1	1	1	2	1	6	2	2	1	1	2	1	2	2	1	1	1	1	1	2	1	1	2	1	2	1	1	1	1	1	4	1	2	0	3	1	1	2	3	1	1	1
391256	1	3	1	1	3	1	1	1	1	1	1	1	2	1	1	3	2	1	1	1	1	2	1	1	1	0	1	1	8	1	1	1	1	1	1	0	1	1	1	1	1	1	2	1	7	1	1	1	1	2	1	3	2	1	1	2	1	1	2	1	1	2	1	1	1	1	1	1	1	4	1	2	2	2	1	1	2	3	1	0	1
390996	4	3	2	2	5	3	3	3	2	1	3	1	2	2	3	4	3	1	2	1	1	2	1	1	3	0	1	2	9	1	2	2	2	1	2	0	1	1	2	1	1	1	4	1	6	1	1	1	3	2	0	2	1	1	2	2	1	1	2	1	1	3	2	2	2	1	1	1	1	5	1	2	2	2	1	1	4	3	2	1	2
390853	2	2	1	2	3	1	1	4	1	1	2	1	1	1	2	4	3	1	1	0	1	2	0	1	3	0	1	2	11	2	1	0	1	1	1	0	1	1	1	1	1	2	2	1	7	1	1	1	1	2	1	2	2	0	1	2	1	1	2	0	1	2	1	1	1	1	1	1	1	5	1	0	2	3	1	1	1	3	1	1	1
390964	2	2	1	2	3	1	1	4	1	1	2	1	1	1	3	4	3	1	1	1	1	2	1	1	3	0	1	2	11	2	1	1	1	1	1	0	1	1	1	1	1	2	2	1	8	1	1	1	1	2	1	2	2	1	1	1	1	1	2	1	1	2	1	1	1	1	1	1	1	5	1	2	2	3	1	1	1	2	1	1	1
391203	2	2	1	2	3	1	1	4	1	1	2	1	1	1	2	5	2	1	1	1	1	2	1	1	2	0	1	2	10	2	1	1	1	1	1	0	1	1	1	1	1	2	2	1	8	1	1	1	1	2	1	2	2	0	1	1	1	1	2	1	1	2	1	1	1	1	1	1	1	5	1	2	2	3	1	1	1	2	1	1	1
391030	2	2	1	2	3	1	1	4	1	1	2	1	1	1	2	5	2	1	1	1	1	2	1	1	2	0	1	2	10	2	1	1	1	1	1	0	1	1	1	1	1	2	2	1	8	1	1	1	1	2	1	2	2	0	1	1	1	1	2	1	1	2	1	1	1	1	1	1	1	5	1	2	2	3	1	1	1	2	1	1	1
391210	2	2	1	2	3	1	1	4	1	1	3	1	1	1	2	5	2	1	1	1	1	2	1	1	2	0	1	2	10	2	1	1	1	1	1	0	1	1	1	1	1	2	2	1	8	1	1	1	1	2	1	2	2	1	1	1	1	1	3	1	1	2	1	1	1	1	1	1	1	5	1	2	2	3	1	1	1	2	1	1	1
390854	2	2	1	2	3	1	1	4	1	1	2	1	1	1	2	4	2	1	1	1	1	2	1	1	4	0	1	2	11	1	1	1	1	1	1	0	1	1	1	1	1	2	2	1	7	1	1	1	1	2	1	2	2	1	1	1	1	1	2	1	1	2	1	1	1	1	1	1	1	5	1	2	2	3	1	1	1	2	2	1	1
390829	2	2	1	2	3	1	1	4	1	1	2	1	1	1	2	4	3	1	1	1	1	2	1	1	7	0	1	2	11	2	1	1	1	1	1	0	1	1	1	1	1	2	2	1	8	1	1	1	1	2	1	2	2	1	1	1	1	1	2	1	1	2	1	1	1	1	1	1	1	5	1	2	2	3	1	1	1	2	1	1	1
391194	2	2	1	2	3	1	1	4	1	1	2	1	1	1	2	4	2	1	1	1	1	2	1	1	3	0	1	2	11	2	1	1	1	1	1	0	1	1	1	1	1	2	2	1	8	1	1	1	1	2	1	2	2	1	1	2	1	1	2	1	1	2	1	1	1	1	1	1	1	5	1	2	2	3	1	1	1	2	1	1	1
391005	2	2	1	2	3	2	1	3	1	1	2	1	2	1	1	5	3	1	1	1	1	2	1	1	3	0	1	1	8	1	1	1	1	1	1	0	2	1	1	1	1	1	2	1	7	1	1	1	1	2	1	2	2	1	1	1	1	1	1	1	1	2	1	1	1	1	1	1	1	5	1	2	1	2	1	1	0	4	2	0	2
391199	1	3	1	3	2	1	1	4	1	1	2	1	2	1	2	3	2	1	1	1	1	2	1	1	2	0	1	1	12	2	1	1	1	1	1	0	1	1	1	1	1	2	2	1	7	2	1	1	1	2	1	2	2	1	2	1	1	1	2	1	1	3	1	2	1	1	1	1	1	4	1	2	1	2	1	2	2	4	1	1	1
390959	2	2	1	2	3	1	1	3	2	1	2	1	2	1	1	2	2	1	1	1	1	2	1	1	3	0	1	1	6	1	1	1	1	1	1	0	1	1	1	1	1	1	2	1	8	1	1	1	1	2	1	2	2	1	1	1	1	1	2	1	1	3	1	1	1	1	1	1	1	5	1	2	2	2	1	1	1	2	1	0	1
391087	3	3	1	3	3	1	1	3	1	1	2	1	1	1	2	5	2	1	1	1	1	2	1	1	7	1	1	2	9	1	1	3	1	1	1	0	1	1	1	1	1	1	2	1	7	2	1	1	1	2	1	2	2	1	1	2	1	1	2	1	1	2	1	2	1	1	2	1	1	5	1	1	2	4	1	1	1	3	1	1	1
390824	3	2	1	2	2	1	1	3	1	1	2	1	2	1	2	3	1	1	1	1	1	2	1	1	2	0	1	1	8	1	1	1	1	1	1	0	1	1	1	1	1	2	2	1	6	2	1	1	1	2	1	2	2	1	1	1	1	1	2	1	1	2	1	2	1	1	1	1	1	3	1	2	1	2	1	1	1	2	2	1	2
391082	3	3	1	1	2	1	1	3	1	0	2	1	2	1	3	3	1	1	1	1	1	2	1	1	2	0	1	1	7	1	1	2	1	1	1	0	1	1	1	1	1	2	2	1	6	2	1	1	1	2	1	3	2	1	1	1	1	1	2	1	1	2	1	2	1	1	1	1	1	3	1	2	1	2	1	1	1	2	2	1	2
391027	3	2	1	2	2	1	1	3	1	1	2	1	2	1	3	3	2	1	1	1	1	2	1	1	4	0	1	1	8	1	1	2	1	1	1	0	1	1	1	1	1	2	2	1	6	2	1	1	1	2	1	3	2	1	1	1	1	1	2	1	1	2	1	2	1	1	1	1	1	3	1	2	1	2	1	1	1	2	2	1	2
391185	3	3	1	1	2	1	1	3	1	1	2	1	3	1	2	3	1	1	1	1	1	2	1	1	3	0	1	1	6	1	1	1	1	1	1	0	1	1	1	1	1	2	2	1	6	2	1	1	1	2	1	2	2	1	1	1	1	1	2	1	1	2	1	2	1	1	1	1	1	3	1	2	1	3	1	1	1	2	2	1	3
390827	3	3	1	1	2	1	1	3	1	1	2	1	2	1	3	3	2	1	1	1	1	2	1	1	2	0	1	1	8	1	1	2	1	1	1	0	1	1	1	1	1	2	2	1	7	2	1	1	1	2	1	3	2	1	1	1	1	1	2	1	1	2	1	2	1	1	1	1	1	3	1	2	1	2	1	1	1	2	2	1	2
390869	4	2	1	1	2	1	1	3	1	1	2	1	3	1	2	3	1	1	1	1	1	2	1	1	3	0	1	1	7	1	1	1	1	1	1	0	1	1	1	1	1	2	4	1	6	2	1	1	1	2	1	2	2	1	1	1	1	1	2	1	1	3	1	2	1	1	1	1	1	3	1	2	1	2	1	1	1	2	2	1	2
390844	3	3	1	1	2	1	1	3	1	1	2	1	2	1	3	3	2	1	1	1	1	2	1	1	2	0	1	1	8	1	1	2	1	1	1	0	1	1	1	1	1	2	2	1	7	2	1	1	1	2	1	3	2	1	1	1	1	1	2	1	1	2	1	2	1	1	1	1	1	3	1	2	1	2	1	1	1	2	2	1	2
390874	4	2	1	1	2	1	1	3	1	1	2	1	3	1	2	3	1	1	1	1	1	2	1	1	3	0	1	1	7	1	1	1	1	1	1	0	1	1	1	1	1	2	4	1	6	2	1	1	1	2	1	2	2	1	1	1	1	1	2	1	1	2	1	2	1	1	1	1	1	3	1	2	1	2	1	1	1	2	2	1	2
391017	3	2	1	1	2	1	1	3	1	1	2	1	2	1	3	3	2	1	1	1	1	2	1	1	2	0	0	1	8	1	1	2	1	1	1	0	1	1	1	1	1	2	2	1	7	2	1	1	1	2	1	3	2	1	1	1	1	1	2	1	1	2	1	2	1	1	1	1	1	3	1	2	1	2	1	1	1	2	2	1	2
390920	2	2	1	2	3	1	1	3	1	1	4	1	1	1	0	3	1	1	1	1	1	2	1	1	4	0	1	1	8	3	1	1	1	1	1	0	1	2	2	0	1	1	2	1	6	1	1	1	2	3	1	1	2	2	1	3	1	1	3	1	2	2	1	1	1	2	1	1	1	4	1	2	0	2	1	1	1	3	1	0	1
391178	2	2	1	2	2	1	1	2	1	1	3	1	1	1	1	4	1	1	1	1	1	2	1	1	4	0	1	1	10	3	1	1	1	1	1	0	1	2	1	0	1	1	2	1	7	1	1	1	1	2	1	3	2	1	0	2	1	1	2	1	1	1	1	1	1	1	1	1	1	5	1	2	0	2	1	1	1	3	1	0	1
390886	0	2	0	3	4	3	1	4	2	1	3	0	1	0	3	2	4	1	1	0	1	2	1	1	5	0	0	2	8	0	0	2	1	1	2	0	1	2	0	1	0	1	1	1	6	1	0	1	1	2	1	2	4	1	1	2	0	1	2	1	1	3	1	1	2	3	1	1	1	3	1	2	3	5	1	1	1	4	1	1	1
391091	1	3	1	2	2	2	1	3	1	1	3	1	3	1	3	5	1	1	1	1	1	2	1	1	2	0	1	1	10	1	1	1	1	1	1	0	1	3	1	2	1	2	2	1	7	1	1	1	1	2	1	2	2	1	2	3	1	1	2	1	1	3	2	1	2	3	2	1	1	4	2	2	2	4	1	1	2	4	1	1	1
390913	3	3	2	3	4	2	2	2	2	1	3	1	3	2	3	3	2	1	2	1	1	2	2	1	4	0	2	1	9	1	1	1	1	1	1	0	1	1	1	1	1	1	4	1	7	2	2	1	1	2	1	3	1	1	2	1	2	2	3	1	1	2	1	1	1	1	1	1	1	4	1	3	2	3	2	1	4	3	3	3	2
391057	2	3	1	2	2	2	1	3	1	1	2	1	3	1	2	6	1	1	1	1	1	2	1	1	2	0	1	2	11	1	1	1	1	1	1	0	1	3	1	1	1	2	2	1	8	1	1	1	1	2	1	2	2	1	2	3	1	1	2	1	1	3	2	1	2	2	2	1	1	6	1	1	2	4	1	1	1	3	1	1	1
390816	3	3	2	2	3	1	1	3	1	1	1	1	1	1	1	2	1	2	1	1	1	2	1	1	5	0	1	1	9	1	1	1	1	1	1	0	2	1	1	1	1	1	2	1	5	2	1	2	1	1	0	3	2	1	1	1	1	1	2	1	1	2	1	2	1	1	1	1	1	5	1	2	1	3	1	1	2	3	1	1	1
391242	1	3	1	1	3	1	1	4	1	1	2	1	1	1	3	4	2	1	1	1	1	2	1	1	5	0	1	1	9	1	1	1	1	1	1	0	1	1	1	1	1	1	2	1	6	2	1	1	1	2	1	2	2	1	2	1	1	1	2	1	1	2	1	2	1	1	1	1	1	5	1	2	2	3	1	1	1	2	1	1	1
391193	2	2	1	2	3	1	1	3	2	1	2	1	2	1	1	2	2	1	1	1	1	2	1	1	4	0	1	1	7	1	1	1	1	1	1	0	1	1	1	1	1	2	2	1	7	1	1	1	1	2	1	2	2	1	1	2	1	1	2	1	1	2	1	1	1	1	1	1	1	4	1	2	2	2	1	1	1	2	1	0	1
391056	2	2	1	3	3	1	1	4	1	1	2	1	2	1	2	4	2	1	1	1	1	2	1	1	6	0	1	1	10	1	1	4	1	2	1	0	2	1	1	1	1	1	2	1	6	2	1	1	1	2	1	2	2	1	2	2	1	1	2	1	1	2	1	2	1	1	1	1	1	5	1	2	1	3	1	1	1	3	1	0	1
390945	2	2	1	2	3	2	1	3	1	0	2	1	2	1	1	5	3	1	1	1	2	2	1	1	2	0	1	1	8	1	1	1	1	1	1	0	2	1	1	1	1	1	2	1	7	1	1	1	1	2	1	2	2	1	1	1	1	1	2	1	1	2	1	1	1	1	1	1	1	5	1	2	1	2	1	1	0	4	2	0	2
390910	3	3	1	2	2	1	1	3	1	1	2	1	3	1	3	4	3	1	1	1	1	2	1	1	2	0	1	2	8	1	1	1	1	1	1	0	1	2	1	1	1	1	2	1	8	2	1	1	1	2	1	2	2	1	1	1	1	1	2	1	1	1	1	1	1	1	1	1	1	4	1	2	1	2	1	1	1	3	1	1	1
391069	4	1	2	3	5	1	2	7	1	1	4	2	4	3	4	2	4	2	1	2	1	3	1	1	5	0	2	2	11	2	2	2	2	1	2	0	2	2	2	2	1	2	4	1	7	2	2	2	2	4	3	3	1	2	3	2	1	2	4	2	1	3	1	3	1	2	1	1	1	4	1	2	3	1	1	0	3	3	1	1	3
390931	2	2	1	2	2	1	1	2	1	1	2	1	2	1	2	3	1	1	1	1	1	2	1	1	3	0	1	1	6	1	1	1	1	1	1	0	1	1	1	1	1	1	2	1	5	1	1	1	1	2	1	3	2	1	1	2	1	1	2	1	1	2	1	2	1	1	1	1	1	4	1	2	1	3	1	1	0	3	1	0	1
390891	1	2	1	1	3	1	1	3	1	1	2	1	1	1	2	2	1	1	1	1	1	2	1	1	5	0	1	1	9	1	1	1	1	1	1	0	1	1	1	1	1	2	2	1	5	1	1	1	1	2	1	2	2	1	2	1	1	1	2	1	1	2	1	1	1	1	1	1	0	3	1	2	0	2	1	1	2	3	1	1	1
390899	2	2	1	1	4	1	2	2	1	1	2	1	1	1	2	3	1	0	1	1	1	2	1	1	3	0	2	0	9	0	1	1	1	1	1	0	1	1	1	0	0	1	2	1	7	2	1	1	2	1	1	2	1	1	2	2	1	1	2	2	0	2	1	1	1	1	1	1	0	4	1	2	0	3	1	1	1	4	2	1	1
390832	1	3	1	2	2	2	1	2	1	1	2	1	2	1	2	3	2	1	1	1	1	2	1	1	4	0	1	1	8	1	1	1	1	1	1	0	1	1	1	1	1	1	3	1	7	2	1	1	1	2	1	2	2	1	1	2	1	1	2	1	1	3	1	2	1	1	1	1	1	4	1	2	3	2	1	1	1	3	2	1	1
391229	1	1	1	2	2	1	1	0	1	1	1	1	1	1	1	2	1	1	1	1	0	2	1	1	2	0	1	1	5	1	1	1	1	1	1	0	1	1	1	1	1	1	2	1	4	2	1	1	1	2	1	1	1	1	0	1	0	1	2	1	1	1	1	2	1	1	1	1	1	2	1	2	0	1	1	1	1	3	1	1	1
391083	1	2	1	1	2	1	1	1	1	1	3	1	2	1	1	3	1	1	1	1	1	2	1	1	1	0	1	1	7	1	1	1	1	1	1	0	1	1	1	1	1	2	2	1	6	2	1	1	1	2	1	2	2	1	2	1	1	1	2	1	1	2	1	2	1	1	1	1	1	3	1	2	0	2	1	1	2	2	1	1	1
391154	1	2	1	1	2	1	1	1	1	1	3	1	2	1	2	2	2	1	1	1	1	2	1	1	1	0	1	1	8	1	1	1	1	1	1	0	1	1	1	1	1	1	2	1	6	2	1	1	1	2	1	2	2	1	2	1	1	1	2	1	1	2	1	2	1	1	1	1	1	3	1	2	0	2	1	1	2	2	1	1	1
391206	1	2	1	1	2	1	1	1	1	1	3	1	2	1	1	3	2	1	1	1	1	2	1	1	2	0	1	1	7	1	1	1	1	1	1	0	1	1	1	1	1	1	2	1	6	2	1	1	1	2	1	2	2	1	2	1	1	1	2	1	1	2	1	2	1	1	1	1	1	4	1	2	0	2	1	1	2	2	1	1	1
391043	2	3	1	2	1	2	1	2	1	1	1	1	3	1	1	4	2	1	1	1	1	2	1	1	3	1	1	1	7	1	1	1	1	1	1	0	1	1	1	1	1	1	1	1	7	1	1	1	1	2	1	1	2	1	1	3	1	1	2	1	1	2	2	2	2	2	3	1	1	4	1	2	2	4	1	2	2	2	1	0	1
391205	4	2	1	3	2	2	1	4	2	1	3	1	4	1	1	3	2	1	1	1	1	2	1	1	8	0	3	1	9	1	1	1	1	1	1	0	1	1	1	1	1	2	2	1	8	1	1	1	1	2	1	2	2	1	0	3	1	1	2	1	1	4	2	2	2	2	2	1	1	4	1	2	2	6	1	1	2	3	2	0	1
390978	2	2	1	2	6	1	0	1	2	1	3	1	2	0	3	3	3	2	1	1	0	2	1	1	3	0	1	1	7	1	1	1	1	1	1	0	1	1	1	0	1	2	4	1	8	1	1	1	1	5	1	2	2	1	0	1	0	1	2	1	1	3	0	3	1	2	1	0	1	4	0	2	1	2	1	2	2	2	1	1	1
390962	1	3	1	2	4	2	1	1	1	1	2	1	1	1	2	4	3	1	1	1	1	2	1	1	1	0	1	1	10	1	1	1	1	1	1	0	1	1	1	1	1	2	2	1	6	1	1	1	1	2	1	2	2	1	0	1	1	1	2	1	1	4	1	2	2	1	1	1	1	4	1	2	1	3	1	1	1	3	1	1	1
390865	1	3	1	2	3	2	1	1	1	1	2	1	1	1	2	4	2	1	1	1	1	2	1	1	1	0	1	1	10	1	1	1	1	1	1	0	1	1	1	1	1	2	2	1	6	1	1	1	1	2	1	2	2	1	0	1	1	1	2	1	1	4	1	2	2	1	1	1	1	4	1	2	1	3	1	1	1	3	1	1	1
390977	2	3	1	2	5	2	1	1	1	1	3	1	2	1	3	4	3	1	1	1	1	2	1	1	6	0	1	1	10	1	1	1	1	1	1	0	1	1	2	1	1	2	2	1	7	2	1	1	1	2	1	3	2	1	0	1	1	1	2	1	1	3	1	2	2	1	1	1	1	4	1	2	1	2	1	1	0	5	2	1	2
391109	1	3	1	2	2	2	1	1	1	1	2	1	1	1	2	4	2	1	1	1	1	2	1	1	1	0	1	1	10	1	1	1	1	1	1	0	1	1	1	1	1	2	2	0	6	1	1	0	1	1	0	1	0	1	0	1	1	0	2	1	1	4	1	1	2	1	1	1	1	4	1	2	0	3	1	1	1	3	1	1	1
390998	1	3	1	3	4	2	1	1	1	1	3	1	1	1	2	4	3	1	1	1	1	2	1	2	1	0	1	1	9	1	1	1	1	1	1	0	1	1	1	1	1	2	2	1	6	2	1	1	1	2	1	2	2	1	0	1	1	1	2	1	2	3	1	2	2	1	1	1	1	4	1	2	1	3	1	1	0	3	1	1	1
391019	3	3	1	2	3	1	1	0	1	1	3	1	2	1	1	5	1	1	1	1	1	2	1	1	2	0	1	1	8	1	1	1	1	1	1	0	2	2	1	1	1	1	2	1	7	2	2	1	1	2	1	2	3	1	1	3	1	1	2	1	1	3	2	2	3	2	2	1	1	5	1	2	1	3	1	1	1	4	1	1	1
390928	2	2	1	1	2	1	1	1	1	1	3	1	2	1	3	3	1	1	1	1	1	2	1	1	3	0	1	1	9	1	1	1	1	1	1	0	1	1	1	1	1	1	4	1	7	2	1	1	1	2	1	2	2	1	0	1	1	1	2	1	1	2	1	2	2	1	1	1	1	4	1	2	1	4	1	1	1	4	1	1	1
391046	2	2	1	1	2	1	1	1	1	1	3	1	2	1	3	3	1	1	1	1	1	2	1	1	3	0	1	1	9	1	1	1	1	1	1	0	1	1	1	1	1	1	4	1	7	2	1	1	1	2	1	2	2	1	0	1	1	1	2	1	1	2	1	2	2	1	1	1	1	4	1	2	1	4	1	1	1	4	1	1	1
390917	2	2	1	1	2	1	1	1	1	1	3	1	1	1	3	2	1	1	1	1	1	2	1	1	1	0	1	1	8	1	1	1	1	1	1	0	1	1	1	1	1	1	2	1	6	1	1	1	1	2	1	3	2	1	0	1	1	1	2	1	1	2	1	2	2	1	1	1	1	3	1	2	1	4	1	1	1	4	1	1	1
390823	1	2	1	1	2	2	1	1	1	1	3	1	2	1	3	2	2	1	1	1	1	2	1	1	1	0	1	1	8	1	1	1	1	1	1	0	1	1	1	1	1	1	4	1	6	2	1	1	1	2	1	3	2	1	0	1	1	1	2	1	1	2	1	2	2	1	1	1	1	3	1	2	1	4	1	1	1	4	1	1	1
390970	1	3	1	2	3	2	1	1	1	1	3	1	1	1	3	4	2	1	1	1	1	2	1	1	6	0	1	2	10	1	1	1	1	1	1	0	1	1	1	1	1	2	2	1	6	2	1	1	1	2	1	2	2	1	0	1	1	1	2	1	1	2	1	2	2	1	1	1	1	4	1	2	1	2	1	1	0	3	1	1	1
390912	2	3	1	2	3	2	1	1	1	1	2	1	1	1	3	3	2	1	1	1	1	2	1	1	4	0	1	1	8	1	1	1	1	1	1	0	1	1	1	1	1	2	2	1	5	2	1	1	1	2	1	3	2	1	0	1	1	1	2	1	1	2	1	2	2	1	0	1	1	3	1	2	2	2	1	1	0	3	1	1	1
391088	4	2	1	2	3	2	1	3	1	1	4	0	1	1	1	4	3	1	1	1	0	2	1	1	2	0	1	1	8	1	1	1	1	1	1	0	2	2	1	1	1	1	2	1	6	2	2	1	1	2	1	2	2	1	1	3	1	1	2	1	1	4	2	1	3	2	2	1	1	4	1	2	1	3	1	1	1	4	2	1	2
391183	4	2	1	2	3	2	1	3	1	1	4	1	1	1	1	4	3	1	1	1	1	2	1	1	2	0	1	1	8	1	1	1	1	1	1	0	2	2	1	1	1	1	2	1	6	2	2	1	1	2	1	2	2	1	1	3	1	1	2	1	1	4	1	2	3	2	2	1	1	4	1	2	1	3	1	1	1	5	2	1	2
391060	3	2	1	2	3	2	1	2	1	1	4	1	1	1	1	5	2	0	1	1	1	2	1	1	4	0	1	1	9	0	1	1	1	1	1	0	2	2	1	1	1	1	2	1	7	2	2	1	1	2	1	2	1	1	1	3	1	1	2	1	1	4	1	2	3	2	2	1	1	5	1	2	1	3	1	1	1	6	2	1	2
390849	3	2	1	1	2	1	1	1	1	1	3	1	1	1	2	1	4	1	1	1	1	2	1	1	4	0	1	2	7	1	1	1	1	1	1	0	1	1	1	1	1	1	2	1	6	1	1	1	1	2	1	3	2	1	0	2	1	1	2	1	1	2	1	2	2	1	1	1	1	3	1	3	1	3	1	1	1	2	1	1	1
391067	1	3	0	2	5	2	1	2	1	1	2	1	3	0	2	4	3	1	1	1	1	2	1	0	3	0	1	1	7	0	1	1	1	1	1	0	1	2	1	1	1	1	2	1	5	2	1	1	1	1	1	2	2	1	1	1	0	1	2	1	0	1	1	2	2	1	1	0	1	4	1	2	1	2	1	1	1	2	1	0	1
390868	2	3	1	3	4	2	2	4	1	1	3	1	4	1	1	3	1	1	1	1	1	2	1	1	6	0	2	1	10	1	1	2	1	1	1	0	2	2	1	1	1	2	2	1	7	2	2	1	1	2	1	2	4	1	2	2	1	1	2	1	1	3	2	2	2	2	2	1	1	3	1	3	2	3	1	1	3	5	1	1	1
390825	2	3	1	3	4	2	2	4	1	1	3	1	4	1	1	3	1	1	1	1	1	2	1	1	5	0	2	1	10	1	1	2	1	1	1	0	2	2	1	1	1	2	2	1	7	2	2	1	1	2	1	2	4	1	2	2	1	1	2	1	1	3	2	2	2	2	2	1	1	3	1	3	2	3	1	1	3	5	1	1	1
390984	2	3	1	4	5	2	1	1	1	1	3	1	2	1	1	5	2	1	1	1	1	2	1	1	2	0	1	1	9	1	1	1	1	1	1	0	2	2	1	1	1	1	2	1	8	2	2	1	1	2	1	2	2	1	1	2	1	1	2	1	1	3	2	2	3	2	2	1	1	5	1	2	1	2	1	1	1	4	1	1	1
390948	5	2	1	3	5	2	1	2	1	1	2	1	2	1	2	4	2	1	1	1	1	2	1	1	5	0	1	1	10	1	1	2	1	2	1	0	2	3	1	1	1	1	2	1	7	2	2	1	1	2	1	3	2	1	1	2	1	1	2	1	1	2	1	2	1	1	1	1	1	5	1	3	2	2	1	1	2	5	1	1	1
390870	2	2	1	2	6	2	1	3	1	1	2	1	3	1	2	4	1	1	1	1	1	2	1	1	6	0	2	1	9	1	1	2	1	1	1	0	2	2	1	1	1	1	2	1	7	2	2	2	1	2	1	3	1	1	1	2	1	1	2	1	1	3	2	2	2	2	2	1	1	4	1	3	2	3	1	1	2	5	1	1	1
391122	2	2	1	2	3	1	1	3	1	1	2	1	2	2	1	3	2	1	1	1	1	2	1	1	4	0	1	1	9	1	1	2	1	1	1	0	2	3	1	1	1	1	2	1	6	2	2	1	1	2	1	2	2	1	1	1	1	1	2	1	1	2	0	2	1	1	1	1	1	4	1	3	2	2	1	1	2	3	1	1	1
390941	3	2	1	2	4	2	1	3	1	1	2	1	3	1	2	3	2	1	1	1	1	2	1	1	5	0	2	1	9	1	1	1	1	1	1	0	2	2	1	1	1	1	2	1	7	2	2	2	1	2	1	2	3	1	1	2	1	1	2	1	1	3	2	2	2	2	2	1	1	4	1	2	2	5	1	1	2	6	1	1	1
390932	3	2	1	3	3	2	1	3	1	1	3	1	3	1	2	3	1	1	1	1	1	2	1	1	6	1	2	1	10	1	1	1	1	1	1	0	1	3	2	1	1	1	2	1	8	2	2	1	1	2	1	2	2	1	1	1	1	1	2	1	1	3	1	2	2	2	2	1	1	4	1	3	2	4	1	1	2	4	1	1	1
391249	2	2	1	2	5	1	1	3	1	1	2	1	2	1	1	3	2	1	1	1	1	2	1	1	4	0	1	1	10	1	1	1	1	1	1	0	2	3	1	1	1	1	2	1	6	2	2	1	1	2	1	2	2	1	1	1	1	1	2	1	1	2	1	2	1	1	1	1	1	4	1	3	2	2	1	1	2	3	1	1	1
391120	2	2	1	2	3	1	1	3	1	1	2	1	2	2	1	3	2	1	1	1	1	2	1	1	4	0	1	1	9	1	1	2	1	1	1	0	2	3	1	1	1	1	2	1	6	2	2	1	1	2	1	2	2	1	1	1	1	1	2	1	1	2	0	2	1	1	1	1	1	4	1	3	2	2	1	1	2	3	1	1	1
390958	3	2	1	3	6	2	1	3	1	1	2	1	3	1	2	3	1	1	1	1	1	2	1	1	7	0	2	1	9	1	1	1	1	1	1	0	2	2	1	1	1	1	2	1	7	2	2	1	1	2	1	3	3	1	1	2	1	1	2	1	1	3	1	2	2	2	2	1	1	4	1	3	2	4	1	1	2	6	2	2	1
390908	2	1	1	2	7	1	1	3	1	2	3	2	4	0	1	3	4	0	1	2	0	1	1	1	3	1	3	1	6	0	2	2	1	1	0	0	1	2	0	1	1	2	4	0	5	2	2	1	3	2	2	1	2	1	2	0	0	0	0	2	2	2	1	2	1	1	2	0	1	3	0	1	2	1	2	1	1	4	1	1	1
391075	7	2	3	5	8	1	3	8	1	3	5	3	6	3	5	10	7	3	3	3	1	2	3	1	9	1	4	4	16	7	3	2	1	1	3	0	3	1	3	1	1	4	6	3	17	4	3	4	4	6	3	6	4	3	2	4	3	3	6	3	3	8	3	5	4	4	4	1	3	12	3	5	5	6	3	4	5	7	6	3	4
390922	3	3	1	3	4	2	1	4	2	1	4	1	6	2	4	5	2	1	1	1	1	2	1	2	6	0	4	3	13	2	1	2	2	2	2	0	2	1	1	1	1	2	4	1	12	3	1	1	1	4	2	3	3	1	1	2	1	1	3	1	1	5	2	3	3	4	4	1	1	7	2	2	4	5	1	1	3	4	1	1	2
391152	3	3	1	2	5	2	1	1	1	1	3	1	3	1	2	4	2	1	1	1	1	2	1	1	3	0	1	1	10	1	1	1	1	1	1	0	2	2	1	1	1	1	2	1	7	2	1	1	1	2	1	2	2	1	0	1	1	1	2	1	1	3	1	1	2	1	1	1	1	4	1	2	2	3	1	1	2	4	1	1	1
390981	3	2	1	3	5	2	1	2	1	1	3	1	2	1	2	4	1	1	1	1	1	2	1	1	3	0	2	1	13	1	1	2	1	2	1	0	2	2	2	1	1	2	2	1	7	2	2	1	1	2	1	3	2	1	1	2	1	1	2	1	1	3	1	2	2	1	1	1	1	6	1	2	2	3	1	2	1	5	1	1	1
390975	1	2	1	2	4	2	1	1	1	1	2	1	2	1	3	4	3	1	1	1	1	2	1	1	3	0	1	1	9	1	1	1	1	1	1	0	1	1	1	1	1	2	2	1	6	2	0	1	1	2	1	2	2	1	0	1	1	1	2	1	1	2	1	2	2	1	1	1	1	4	1	2	2	2	1	1	0	3	1	0	2
391119	1	3	1	2	4	2	1	1	1	1	2	1	2	2	3	4	4	1	1	1	1	2	1	1	4	0	1	1	9	1	1	1	1	1	1	0	1	1	1	1	1	2	2	1	7	2	1	1	1	2	1	2	2	1	0	1	1	1	2	1	1	2	1	2	2	1	1	1	1	4	1	2	1	2	1	1	0	3	2	1	2
390957	1	2	1	2	4	2	1	2	1	1	3	1	2	1	3	5	3	1	1	1	1	2	1	1	4	0	1	1	11	1	1	1	1	1	1	0	2	2	1	1	1	1	2	1	8	2	2	1	1	2	1	2	3	1	1	2	1	1	2	1	1	3	1	2	2	1	2	1	1	5	1	2	1	3	1	1	1	5	1	1	1
391003	1	2	0	2	4	2	1	2	1	1	2	1	2	1	3	5	3	1	1	1	1	2	1	1	4	0	1	1	11	1	1	1	1	1	1	0	2	2	1	1	1	1	2	1	8	2	2	1	1	2	1	2	3	1	1	2	1	1	2	1	1	2	1	2	2	1	1	1	1	5	1	2	1	3	1	1	1	4	1	1	1
390859	3	3	1	2	3	2	1	1	1	1	3	1	1	1	3	3	3	1	1	0	1	2	1	1	4	0	1	1	9	1	1	1	1	1	1	0	1	1	1	1	1	2	2	1	5	1	1	1	1	2	1	2	2	1	0	1	1	1	2	1	1	2	1	2	2	1	1	1	1	3	1	2	2	1	0	1	1	3	1	1	1
391110	2	3	1	2	3	2	0	1	1	1	2	1	2	1	3	3	1	1	0	1	0	2	1	0	4	0	1	1	10	1	0	1	1	1	1	0	1	1	1	0	1	1	2	1	7	1	1	1	1	2	1	2	2	1	0	1	1	1	2	1	1	1	1	2	2	1	1	1	1	3	1	2	1	1	1	1	0	1	1	1	1
391050	1	3	1	2	4	2	1	1	1	1	2	1	4	1	2	3	1	1	1	1	1	2	2	1	2	0	1	1	10	1	1	1	1	1	1	0	1	2	1	1	1	1	2	1	5	2	1	1	1	2	1	2	2	1	1	1	1	1	2	1	1	2	1	1	2	1	1	1	1	4	1	2	1	3	1	1	1	4	1	1	1
391102	1	3	1	2	3	2	1	1	1	1	3	1	1	1	2	4	3	1	1	1	1	2	1	1	1	0	1	1	9	1	1	1	1	1	1	0	1	1	1	1	1	2	2	1	6	2	1	1	1	2	1	2	2	1	0	1	1	1	2	1	1	3	1	2	2	1	1	1	1	4	1	2	1	3	1	1	0	2	1	1	1
390889	2	3	1	2	5	2	1	1	1	1	3	1	2	2	3	4	4	1	1	1	1	2	2	1	6	0	1	1	10	1	1	1	1	0	1	0	1	1	2	1	1	2	4	1	7	2	1	1	1	2	1	2	2	1	0	2	1	1	2	1	1	3	1	2	2	1	1	1	1	4	1	2	2	3	1	1	1	4	1	1	1
391231	2	3	1	2	3	2	1	1	1	1	3	1	1	1	3	3	2	1	1	1	1	1	1	1	4	0	1	0	7	0	1	1	0	1	1	0	1	1	1	1	0	1	2	1	5	1	0	1	0	2	1	2	2	1	0	1	1	1	1	1	1	1	1	1	2	1	1	1	0	3	1	1	1	2	1	1	0	2	2	1	2
391156	2	3	1	2	7	2	1	1	1	1	3	1	2	2	3	4	2	1	1	1	1	2	1	1	9	0	1	1	10	1	1	1	1	1	1	0	1	1	1	1	1	2	2	1	7	2	1	1	1	2	1	3	2	1	0	2	1	1	2	1	1	2	1	2	2	1	1	1	1	4	1	2	2	2	1	1	0	4	1	1	1
391157	3	2	1	3	5	2	1	2	1	1	3	1	2	1	2	4	1	1	1	1	1	2	1	1	3	0	2	1	13	1	1	1	1	1	1	0	2	2	2	1	1	1	2	1	7	2	2	1	1	2	1	3	2	1	1	2	1	1	2	1	1	3	1	2	2	1	1	1	1	6	1	2	2	3	1	1	1	5	1	1	1
391225	3	3	1	3	5	2	1	1	1	1	2	1	3	1	1	3	3	1	1	1	1	2	1	1	3	0	1	2	13	1	1	1	1	1	1	1	2	2	1	1	1	1	2	1	8	1	1	1	1	2	1	2	3	1	1	2	1	1	2	1	1	4	1	2	2	1	1	1	1	5	1	2	2	2	1	1	1	6	1	1	1
391177	1	2	1	2	3	2	1	2	1	1	2	1	2	1	2	4	1	1	1	1	1	2	1	1	2	0	1	1	9	1	1	1	1	1	1	0	2	2	1	1	1	1	2	1	5	2	1	1	1	2	1	2	3	1	1	1	1	1	2	1	1	3	1	1	2	1	1	1	1	3	1	2	1	2	1	1	1	4	1	1	1
391151	2	3	1	4	4	2	1	3	1	1	2	1	2	1	2	4	2	1	1	1	1	2	1	1	2	0	2	1	9	1	1	2	1	2	1	0	2	2	1	1	1	1	1	1	8	1	2	1	1	2	1	3	2	1	1	1	1	1	2	1	1	2	1	1	2	1	1	1	1	5	1	2	2	2	1	1	1	5	1	1	1
391227	5	3	1	3	4	2	1	2	1	1	2	1	3	1	2	4	4	1	1	1	1	2	1	1	6	0	1	1	9	1	1	3	1	3	1	1	1	2	1	1	1	1	2	1	8	2	1	1	1	2	1	3	1	1	2	4	1	1	2	1	1	3	1	2	3	2	2	1	1	5	1	2	2	8	1	3	1	5	2	1	2
390987	4	4	1	3	7	2	1	2	1	1	3	1	4	1	3	4	3	1	1	1	1	2	1	1	4	0	1	1	11	1	1	1	1	1	1	1	1	2	1	1	1	1	2	1	8	2	1	1	1	2	1	3	2	1	1	4	1	1	2	1	1	3	1	2	3	2	2	1	1	5	1	2	2	4	1	1	1	5	2	1	2
390866	2	3	1	4	5	2	1	3	1	1	2	1	2	1	2	5	1	1	1	1	1	2	1	1	2	0	1	1	9	1	1	1	1	1	1	0	2	2	1	1	1	1	2	1	7	1	2	1	1	2	1	2	2	1	1	1	1	1	2	1	1	2	1	1	2	1	1	1	1	5	1	2	2	2	1	1	1	5	1	1	1
391216	1	3	1	3	3	2	1	2	1	1	2	1	2	1	2	5	1	1	1	1	1	2	1	1	2	0	2	1	11	1	1	1	1	1	1	0	1	2	1	1	1	1	2	1	9	2	2	1	1	2	1	3	2	1	1	3	1	1	2	1	1	4	2	2	3	2	2	1	1	5	1	2	2	4	1	2	1	5	1	1	1
391164	1	3	1	4	4	2	1	1	1	1	2	1	3	1	2	5	4	1	1	1	1	2	1	1	7	0	2	1	10	1	1	1	1	1	1	0	1	2	1	1	1	1	2	1	7	2	2	1	1	2	1	2	2	1	1	1	1	1	2	1	1	2	1	2	2	1	1	1	1	5	1	2	2	3	1	1	1	5	1	1	1
391198	2	2	1	2	4	2	1	2	1	1	3	1	4	1	2	4	1	1	1	1	1	2	1	1	3	0	2	1	12	1	1	1	1	1	1	0	2	2	1	1	1	1	2	1	7	2	2	1	1	2	1	2	2	1	1	2	1	1	2	1	1	4	2	2	3	2	2	1	1	5	1	2	2	3	1	1	1	4	1	1	1
391218	2	3	1	2	3	2	1	2	1	1	3	1	2	1	3	4	1	1	1	1	1	2	1	1	2	0	2	1	11	1	1	1	1	1	1	0	2	2	1	1	1	2	2	1	8	2	2	1	1	2	1	2	3	1	1	2	1	1	2	1	1	2	2	2	2	1	1	1	1	5	1	2	1	4	1	1	1	5	1	1	1
390871	2	2	1	1	1	0	1	0	1	1	1	1	1	1	0	1	1	1	1	1	1	2	1	1	0	0	1	1	5	1	1	1	1	1	1	0	1	1	1	1	1	1	2	1	5	2	1	1	1	1	0	2	2	1	0	1	1	1	2	1	1	0	0	2	1	0	0	1	1	2	1	2	1	2	1	1	0	2	1	1	1
390857	1	1	1	0	1	0	1	0	0	1	0	0	0	1	0	0	1	1	0	0	1	1	0	1	0	0	1	0	3	0	1	0	0	1	0	0	0	0	1	1	1	1	1	1	3	1	0	0	1	1	0	1	1	1	0	0	1	1	2	1	0	0	0	1	1	0	0	1	0	1	0	0	1	0	0	1	0	1	0	0	1
391032	3	3	1	2	2	1	1	2	1	1	1	1	2	1	1	3	1	1	0	1	1	2	1	1	4	0	1	1	7	2	1	1	1	1	0	0	1	1	1	1	1	1	2	1	6	1	2	1	1	2	1	2	2	1	0	2	1	1	2	1	1	2	1	2	0	1	1	1	1	4	1	2	1	2	1	1	0	3	1	1	1
390851	2	3	1	2	6	1	1	1	2	1	3	1	4	1	1	3	4	1	1	1	1	2	1	1	5	0	1	1	8	1	1	1	1	1	1	0	1	3	1	1	1	2	2	1	8	2	1	1	1	2	1	2	3	1	2	4	1	1	2	1	1	5	1	2	3	3	3	1	1	4	1	2	1	4	1	1	2	4	1	1	1
391180	2	2	1	2	5	2	1	2	1	1	3	1	2	1	2	4	3	1	1	1	1	2	1	1	5	0	2	1	6	1	1	1	1	1	1	0	1	1	1	1	1	1	2	1	8	1	2	1	1	2	1	3	2	1	1	1	1	1	2	1	1	3	1	1	1	1	1	1	1	4	1	1	1	3	1	1	2	4	1	1	1
391252	2	3	1	2	3	1	1	1	1	1	3	1	2	1	1	3	1	1	1	1	1	2	1	1	5	0	1	1	8	1	1	1	1	1	1	0	1	2	1	1	1	2	3	1	6	2	2	1	1	2	1	2	2	1	0	2	1	1	2	1	1	2	0	2	1	1	1	1	1	4	1	2	1	3	1	1	2	4	1	1	1
391253	4	3	1	5	5	2	1	1	1	1	3	1	3	1	2	4	2	1	1	1	1	2	1	1	5	0	1	1	9	1	1	1	1	1	1	0	2	2	1	1	1	1	4	1	10	2	2	1	1	2	1	3	2	1	1	1	1	1	2	1	1	4	0	1	2	1	1	1	1	6	1	2	2	2	1	1	1	5	1	1	1
391238	2	2	1	3	3	1	1	1	1	1	2	1	3	1	3	3	5	1	1	1	1	2	1	1	5	0	2	2	10	1	1	1	1	1	1	0	1	2	1	1	1	2	2	1	7	2	1	1	1	2	1	2	2	1	0	3	1	1	2	1	1	4	2	2	3	3	3	1	1	4	2	2	2	5	1	1	1	6	2	1	1
391063	2	1	1	3	2	1	1	1	1	1	2	1	2	1	2	3	1	1	1	1	1	2	1	1	3	1	1	1	9	1	1	1	1	1	1	0	1	2	1	1	1	1	2	1	6	2	1	1	1	2	1	2	2	1	1	3	1	1	2	0	1	4	2	2	2	1	1	1	1	3	1	2	0	4	1	1	1	4	1	1	1
390822	5	2	1	3	4	2	1	2	1	1	3	1	4	1	3	5	2	1	1	1	1	2	1	1	6	0	1	1	12	1	1	2	2	2	1	0	2	5	1	1	1	1	2	0	10	2	2	1	1	2	1	3	2	1	1	3	1	1	2	1	1	4	2	1	3	4	4	1	1	6	1	2	2	6	2	1	1	7	1	1	1
390809	3	0	1	3	1	1	1	3	1	1	1	1	3	0	0	4	5	0	2	0	0	1	1	1	4	0	1	2	8	1	0	0	1	1	1	0	0	1	0	1	1	1	1	2	6	2	0	0	0	2	1	2	1	0	1	2	1	1	1	0	1	2	0	1	2	1	0	0	1	4	0	1	1	3	0	0	0	4	0	0	1
391086	2	2	1	5	4	2	1	3	1	2	3	1	3	1	1	3	1	1	1	1	1	2	1	1	3	0	1	2	11	1	1	1	1	1	1	0	1	2	1	1	1	2	2	1	8	3	1	1	1	2	1	2	2	1	1	3	1	1	2	1	1	3	1	2	3	2	3	1	1	4	1	2	3	5	2	2	1	5	1	0	1
391084	1	1	1	3	3	1	1	2	1	1	2	1	3	1	1	4	2	1	1	1	1	2	1	1	2	0	1	1	10	1	1	1	1	1	1	0	1	1	2	1	1	1	2	1	8	2	1	1	1	2	1	2	2	1	1	2	1	1	2	1	1	2	1	1	2	1	3	2	1	5	1	2	1	4	2	1	1	4	1	0	1
390898	4	2	2	4	4	3	2	5	1	2	3	2	3	3	3	6	3	4	2	2	2	2	2	1	7	0	2	2	14	4	2	2	1	2	3	0	3	3	2	2	1	2	4	2	11	3	2	2	4	3	2	3	2	3	3	4	2	2	3	1	2	4	3	5	3	3	4	1	2	6	1	4	3	4	2	2	5	5	3	2	3
391015	5	2	1	2	3	2	1	5	1	1	1	1	3	1	2	3	5	1	1	1	1	2	1	1	6	0	1	2	9	1	1	3	1	2	1	0	2	3	1	1	1	1	2	0	8	2	2	1	1	2	1	3	2	1	1	3	1	1	2	1	1	4	2	1	3	4	4	1	1	5	1	2	2	6	1	1	1	6	2	1	2
391048	4	2	1	3	6	1	2	4	1	1	3	2	3	1	2	6	3	1	2	1	1	3	1	1	8	0	1	1	14	3	2	1	1	1	1	0	2	1	2	1	1	2	4	2	12	2	3	3	2	2	1	3	4	2	1	4	2	1	3	1	2	4	1	3	3	2	3	1	1	7	1	3	2	3	2	2	1	7	1	0	2
390818	5	3	1	3	6	1	1	3	1	1	3	1	4	1	3	6	2	1	1	1	1	2	1	1	7	0	1	1	11	1	1	2	1	1	1	0	1	2	1	1	1	1	2	1	9	2	2	1	1	2	1	3	2	1	1	2	1	1	2	1	1	3	1	2	1	1	1	1	1	6	1	3	2	3	1	2	1	5	1	1	1
391112	2	2	1	2	3	1	1	4	1	1	2	1	4	1	3	4	1	1	1	1	1	2	1	1	4	0	1	1	8	2	1	1	1	1	1	0	1	2	1	1	0	1	4	1	5	2	1	1	1	2	1	2	2	1	1	1	1	1	2	1	1	2	1	3	1	1	1	1	0	4	1	2	1	3	1	1	2	4	1	1	1
390906	1	2	1	1	3	1	1	5	1	0	2	1	2	1	3	2	1	1	1	1	1	2	1	1	3	0	1	1	7	2	1	1	1	2	1	0	1	3	1	1	0	1	2	1	6	2	1	1	1	3	1	1	2	1	1	1	1	1	2	1	2	2	1	2	1	0	1	1	0	3	1	1	0	2	1	2	2	2	1	1	1
391168	1	2	1	1	2	1	1	3	1	1	1	1	2	1	2	4	2	1	1	1	1	2	1	1	3	0	1	2	8	1	1	1	1	1	1	0	1	2	1	1	1	1	2	1	7	1	1	1	1	2	1	2	2	1	2	1	1	1	2	1	1	2	1	1	1	1	1	1	1	4	1	2	1	2	1	1	2	3	1	1	1
391235	1	1	1	1	2	1	1	0	1	1	1	1	0	1	1	1	0	1	1	1	1	0	1	1	2	0	1	1	5	0	0	1	0	1	1	0	1	1	1	0	0	0	0	0	2	0	0	0	1	1	0	0	1	0	0	1	1	1	1	0	1	1	0	0	0	0	0	0	0	1	0	1	0	0	0	0	0	1	0	0	0
390989	3	2	1	1	2	1	1	3	1	1	2	1	2	1	2	1	1	1	1	1	1	2	1	1	1	0	1	1	8	1	1	1	1	1	1	0	1	2	1	1	1	2	2	0	5	1	2	1	1	2	1	2	2	1	1	1	1	1	2	1	1	2	1	2	1	1	1	1	1	3	1	2	1	3	1	1	1	2	1	1	1
391200	3	2	1	1	2	1	1	2	1	1	2	1	1	1	2	3	1	1	1	1	1	2	1	1	3	0	1	1	8	1	1	1	1	1	1	0	2	1	1	1	1	1	2	1	7	2	1	1	1	2	1	2	1	1	0	2	1	1	2	2	2	2	1	2	1	1	1	2	1	4	1	2	2	3	1	1	2	4	2	1	2
391098	3	2	1	2	3	1	1	3	2	1	2	1	2	1	2	4	3	1	1	1	1	2	1	1	2	0	1	1	6	1	1	1	1	1	1	0	1	2	1	1	1	1	2	1	6	2	1	1	1	2	1	2	1	1	3	3	1	1	2	1	1	4	2	2	1	2	2	1	1	4	1	4	1	4	1	1	2	3	2	1	1
391013	5	3	1	4	3	1	1	3	1	1	2	1	2	1	2	3	1	1	1	1	1	2	1	1	2	0	1	1	8	1	1	1	1	1	1	0	1	1	1	1	1	1	2	1	8	2	1	1	1	2	1	2	2	1	0	4	1	1	2	1	1	2	1	1	1	1	1	1	1	4	1	3	2	2	1	1	3	3	3	2	2
391191	2	3	1	3	2	1	1	2	1	1	2	1	3	1	2	4	1	1	1	1	1	2	1	1	3	1	1	1	10	2	1	1	1	1	1	0	1	2	2	1	1	2	2	1	7	2	2	1	1	2	1	2	2	1	2	1	1	1	2	1	1	2	1	2	1	1	1	1	1	4	1	3	1	3	1	1	2	4	2	1	2
390968	2	3	1	2	4	1	1	3	1	1	2	1	3	1	1	3	1	1	1	1	1	2	1	1	2	0	1	1	10	1	1	1	1	1	1	0	1	1	1	1	1	1	2	0	6	2	2	1	1	2	1	2	1	1	0	1	1	1	2	1	1	2	1	1	1	1	1	1	1	4	1	3	3	3	1	1	1	3	2	1	2
391045	1	2	1	1	2	1	1	3	1	1	2	1	2	1	2	2	4	1	1	1	1	2	1	1	6	0	1	1	8	1	1	1	1	1	1	0	1	1	1	1	1	1	2	1	6	2	1	1	1	2	1	2	2	1	1	1	1	1	2	1	1	1	1	2	1	1	2	1	1	3	1	2	2	4	1	1	1	2	1	1	1
391241	2	3	1	1	2	1	1	1	1	1	2	1	2	1	3	4	2	1	1	1	1	2	1	1	4	0	1	1	8	1	1	2	1	2	1	0	1	3	1	1	1	2	2	0	6	1	2	2	1	1	0	2	2	1	2	1	1	1	2	1	1	2	1	2	1	1	1	2	1	4	1	2	1	3	1	1	2	2	1	1	1
390875	2	3	1	1	4	1	1	2	1	1	2	1	6	1	3	4	1	1	1	1	1	2	1	1	5	0	1	1	9	1	1	2	1	2	1	0	1	3	1	1	1	2	2	0	6	1	2	2	1	1	0	2	2	1	2	1	1	1	2	1	1	2	1	2	1	1	1	1	1	4	1	2	1	3	1	1	2	2	1	1	1
391195	3	3	1	3	5	1	1	1	1	1	3	1	4	1	2	1	2	1	1	1	1	2	1	1	5	1	1	2	8	1	1	1	1	1	1	0	1	1	1	1	1	1	2	1	5	1	1	1	2	2	1	3	1	1	0	2	1	1	2	1	1	5	2	2	2	2	2	1	1	3	1	2	1	2	1	2	1	2	1	1	1
390828	2	2	1	2	5	1	1	3	2	1	4	1	2	1	1	5	2	1	1	1	1	2	1	1	3	0	1	1	10	1	1	2	1	2	1	0	1	2	1	1	1	2	2	1	8	1	1	1	2	2	1	3	2	1	1	1	1	1	2	1	1	3	1	2	1	1	1	1	1	5	1	2	2	2	1	2	3	3	1	1	1
391096	2	3	1	2	4	1	1	3	2	1	3	1	3	1	2	2	2	1	1	0	1	1	1	1	2	1	2	1	6	2	1	1	1	1	1	0	1	2	3	1	1	2	2	1	7	1	1	1	1	1	0	3	1	1	1	1	1	1	2	1	1	4	1	1	1	2	2	1	1	3	1	3	2	5	1	1	3	4	1	1	1
390880	3	3	1	2	2	2	0	4	2	1	2	1	4	1	2	4	1	1	1	1	1	2	1	1	3	0	1	1	10	2	1	1	1	1	1	0	1	2	1	1	1	2	1	1	7	2	1	1	1	2	1	2	2	1	1	2	1	1	2	1	1	1	1	1	1	1	1	1	1	5	1	2	1	2	1	1	2	7	3	1	3
390896	1	3	1	3	4	1	1	2	1	1	3	1	5	1	2	3	2	1	1	1	1	2	1	1	4	1	1	1	8	1	1	1	1	1	1	0	1	1	2	1	1	1	3	1	6	1	1	1	1	1	0	4	1	1	2	1	1	1	2	1	1	2	1	1	1	1	1	1	1	3	1	2	1	2	1	1	2	4	2	1	1
390926	2	2	1	1	2	1	1	4	2	1	2	1	2	1	1	4	2	1	1	1	1	2	1	1	3	0	1	1	7	1	1	1	1	1	1	0	1	2	1	1	1	1	2	1	7	1	1	1	1	2	1	2	2	1	1	2	1	1	2	1	1	2	1	2	1	1	1	1	1	4	1	2	2	2	1	1	3	2	1	1	1
391000	1	3	1	2	3	1	1	2	1	1	3	1	1	1	1	2	2	1	1	1	1	2	1	1	4	0	1	1	8	1	1	1	1	1	1	0	1	1	1	1	1	2	4	1	6	2	1	1	1	1	0	2	1	1	2	1	1	1	2	2	1	3	1	1	1	1	1	1	1	3	1	2	1	3	1	1	1	3	2	1	1
391031	2	3	1	2	4	0	2	3	1	1	3	1	3	1	2	4	2	1	1	1	1	1	1	1	2	1	1	2	6	1	1	1	1	1	1	0	1	2	2	1	1	2	2	1	7	1	1	1	1	1	0	3	1	1	2	1	1	1	2	1	1	2	1	2	1	2	2	1	1	4	1	3	2	5	1	1	4	4	1	1	1
391212	1	2	1	1	2	1	1	4	2	1	2	1	2	1	1	4	3	1	1	1	1	2	1	1	3	0	1	1	8	1	1	1	1	1	1	0	1	1	1	1	1	1	2	1	7	1	1	1	1	2	1	2	2	1	1	2	1	1	2	1	1	3	1	2	1	1	1	1	1	4	1	2	2	2	1	1	3	2	1	1	1
391184	2	2	1	3	2	1	1	2	2	1	3	1	3	1	2	3	2	2	1	1	1	2	1	1	2	0	1	1	9	1	1	1	1	1	1	0	1	1	1	1	1	2	2	1	6	1	1	1	1	2	1	2	2	1	1	1	1	1	2	1	1	2	1	2	1	1	1	1	1	3	1	2	1	3	1	1	1	4	2	1	2
391188	1	3	1	1	2	1	1	2	1	1	2	1	1	1	1	2	1	1	1	1	1	2	1	1	2	0	1	1	8	2	1	1	1	1	1	0	1	1	1	1	1	1	2	1	5	3	1	1	1	2	1	2	2	1	2	1	1	1	2	1	1	3	1	2	1	1	1	1	1	3	1	2	2	3	1	1	2	2	1	1	1
390955	5	1	2	1	3	1	2	5	1	2	2	1	2	2	3	4	7	3	1	2	1	1	2	0	5	2	1	0	11	0	1	0	0	1	1	0	1	3	2	1	0	1	2	1	8	1	2	1	2	1	0	3	1	2	2	3	1	1	4	1	2	4	1	1	1	2	2	1	0	6	0	3	3	4	1	2	2	1	1	1	2
391070	2	2	1	2	4	1	1	2	1	1	2	1	2	1	2	3	2	1	1	1	0	2	1	1	3	0	1	1	7	1	1	1	1	1	1	0	1	1	1	0	0	0	2	1	6	2	2	1	1	3	1	3	2	1	1	1	1	1	2	1	1	2	2	3	1	1	1	1	1	3	1	1	1	2	1	2	2	3	1	1	1
390980	1	3	1	2	3	1	1	2	1	1	3	1	6	1	2	3	3	1	1	1	1	2	1	1	4	0	1	1	8	1	1	1	2	2	1	0	2	2	1	1	1	1	2	1	6	1	1	1	1	1	0	3	1	1	2	1	1	1	2	1	1	2	1	1	1	1	1	1	1	3	1	3	2	2	1	1	2	4	2	1	1
390811	2	3	1	2	3	0	1	2	1	1	4	1	3	1	1	2	2	1	1	1	1	3	1	1	3	0	1	1	7	1	1	1	1	1	1	0	1	1	1	1	1	1	2	1	7	1	1	1	1	1	0	3	1	1	0	1	1	1	2	1	1	2	1	1	1	1	1	1	1	3	1	2	1	2	1	1	1	3	1	1	1
390944	1	2	1	1	3	1	1	3	2	2	2	1	3	1	2	3	1	2	1	1	1	2	1	1	2	0	1	1	7	1	1	1	1	1	2	0	2	1	1	1	1	1	2	1	7	1	1	1	1	2	1	2	2	1	1	2	1	1	2	1	1	2	1	1	1	1	1	1	1	4	1	1	2	3	1	1	2	1	1	1	1
391010	2	3	1	2	2	1	1	2	1	1	1	1	3	1	1	3	1	1	1	1	1	2	1	1	1	0	1	1	8	1	1	1	1	1	1	0	1	2	1	1	1	1	2	1	6	1	1	1	1	2	1	3	2	1	1	2	1	1	2	1	1	3	1	2	2	1	1	1	1	4	1	2	1	3	1	1	1	4	1	0	1
391169	2	2	1	1	3	1	1	2	1	1	2	1	3	1	2	3	1	1	1	1	1	2	1	1	1	0	1	1	10	1	1	1	1	1	1	1	1	1	1	1	1	1	2	1	7	2	2	1	1	2	1	2	3	1	1	1	1	1	2	1	1	2	1	1	1	1	1	1	1	4	1	2	1	2	1	1	2	2	1	1	1
391245	3	2	1	1	2	1	1	2	1	1	2	1	3	1	2	3	1	1	1	1	1	2	1	1	3	0	1	1	9	1	1	1	1	1	1	1	1	1	1	1	1	1	3	1	7	1	2	1	1	2	1	2	3	1	1	1	1	1	2	1	1	2	1	1	1	1	1	1	1	4	1	2	1	2	1	1	2	2	1	1	1
391226	3	2	1	1	2	1	1	2	1	1	2	1	3	1	2	3	1	1	1	1	1	2	1	1	3	0	1	1	9	1	1	1	1	1	1	1	1	1	1	1	1	1	3	1	7	1	2	1	1	2	1	2	3	1	1	1	1	1	2	1	1	2	1	1	1	1	1	1	1	4	1	2	1	2	1	1	2	2	1	1	1
391153	3	2	1	1	2	1	1	2	1	1	2	1	3	1	2	3	1	1	1	1	1	2	1	1	3	0	1	1	9	1	1	1	1	1	1	1	1	1	1	1	1	1	3	1	7	1	2	1	1	2	1	2	3	1	1	1	1	1	2	1	1	2	1	1	1	1	1	1	1	4	1	2	1	2	1	1	2	2	1	1	1
391230	3	2	1	1	2	1	1	2	1	1	2	1	3	1	2	3	1	1	1	1	1	2	1	1	3	0	1	1	9	1	1	1	1	1	1	1	1	1	1	1	1	1	3	1	7	1	2	1	1	2	1	2	3	1	1	1	1	1	2	1	1	2	1	1	1	1	1	1	1	4	1	2	1	2	1	1	2	2	1	1	1
391219	3	2	1	1	2	1	1	2	1	1	2	1	3	1	2	3	1	1	1	1	1	2	1	1	3	0	1	1	9	1	1	1	1	1	1	1	1	1	1	1	1	1	3	1	7	1	2	1	1	2	1	2	3	1	1	1	1	1	2	1	1	2	1	1	1	1	1	1	1	4	1	2	1	2	1	1	2	2	1	1	1
391204	3	2	1	1	2	1	1	2	1	1	2	1	3	1	2	3	1	1	1	1	1	2	1	1	3	0	1	1	9	1	1	1	1	1	1	1	1	1	1	1	1	1	3	1	7	1	2	1	1	2	1	2	3	1	1	1	1	1	2	1	1	2	1	1	1	1	1	1	1	4	1	2	1	2	1	1	2	2	1	1	1
391192	3	2	1	1	2	1	1	2	1	1	2	1	3	1	2	3	1	1	1	1	1	2	1	1	3	0	1	1	9	1	1	1	1	1	1	1	1	1	1	1	1	1	3	1	7	1	2	1	1	2	1	2	3	1	1	1	1	1	2	1	1	2	1	1	1	1	1	1	1	4	1	2	1	2	1	1	2	2	1	1	1
391020	1	3	1	1	2	0	1	1	1	1	2	1	1	1	1	1	1	1	1	1	1	1	1	1	4	0	1	1	4	1	1	1	1	1	1	0	1	1	1	1	1	1	2	1	3	1	1	1	1	1	0	1	1	1	0	1	1	1	2	1	1	2	1	2	1	1	1	1	1	1	1	1	1	1	1	1	1	1	1	1	1
390834	1	3	1	1	2	0	1	0	1	1	1	1	1	1	1	1	2	1	1	1	1	1	1	1	1	0	1	1	4	1	1	1	1	1	1	0	1	1	1	1	1	1	2	1	3	1	1	1	1	1	0	1	1	1	0	1	1	1	2	1	1	2	1	1	1	1	1	1	1	1	1	1	1	1	1	1	1	1	1	1	1
390905	1	3	1	1	2	0	1	1	1	1	2	1	1	1	1	1	2	1	1	1	1	1	1	1	1	0	1	1	4	1	1	1	1	1	1	0	1	1	1	1	1	1	2	1	3	1	1	1	1	1	0	2	1	1	0	1	1	1	2	1	1	2	1	2	1	1	1	1	1	1	1	2	1	1	1	1	1	1	1	1	1
390930	1	3	1	1	2	1	1	0	1	1	1	1	1	1	1	2	1	1	1	1	1	1	1	1	1	0	1	1	5	1	1	1	1	1	1	0	1	1	1	1	1	1	2	1	4	1	1	1	1	1	0	2	1	1	0	1	1	1	2	1	1	2	1	1	1	1	1	1	1	2	1	2	1	1	1	1	1	1	1	1	1
390947	1	3	1	1	2	1	1	0	1	1	2	1	1	1	2	2	1	1	1	1	1	1	1	1	2	0	1	1	5	1	1	1	1	1	1	0	1	1	1	1	1	1	2	1	3	1	1	1	1	1	0	2	1	1	0	2	1	1	2	1	1	2	1	1	1	1	1	1	1	2	1	2	1	2	1	1	1	1	1	1	1
391011	1	3	1	1	2	1	1	0	1	1	2	1	1	1	2	2	1	1	1	1	1	1	1	1	2	0	1	1	5	1	1	1	1	1	1	0	1	1	1	1	1	1	2	1	4	1	1	1	1	1	0	2	1	1	0	2	1	1	2	1	1	2	1	1	1	1	1	1	1	2	1	2	1	2	1	1	1	1	1	1	1
390904	1	3	1	1	2	1	1	0	1	1	2	1	1	1	1	2	1	1	1	1	1	1	1	1	4	0	1	1	5	1	1	1	1	1	1	0	1	1	1	1	1	1	2	1	4	1	1	1	1	1	0	2	1	1	0	2	1	1	2	1	1	2	1	1	1	1	1	1	1	2	1	1	1	2	1	1	1	1	1	1	1
390837	1	3	1	1	2	1	1	0	1	1	2	1	1	1	1	2	1	1	1	1	1	1	1	1	1	0	1	1	5	1	1	1	1	1	1	0	1	1	1	1	1	1	2	1	4	1	1	1	1	1	0	2	1	1	0	1	1	1	2	1	1	2	1	1	1	1	1	1	1	2	1	1	1	1	1	1	1	1	1	1	1
391126	1	3	1	1	2	1	1	0	1	1	1	1	1	1	1	2	1	1	1	1	1	1	1	1	1	0	1	1	5	1	1	1	1	1	1	0	1	1	1	1	1	1	2	1	4	1	1	1	1	1	0	2	1	1	0	1	1	1	2	1	1	2	1	1	1	1	1	1	1	2	1	2	1	1	1	1	1	1	1	1	1
391128	1	3	1	1	2	1	1	0	1	1	1	1	1	1	1	2	1	1	1	1	1	1	1	1	2	0	1	1	5	1	1	1	1	1	1	0	1	1	1	1	1	1	2	1	4	1	1	1	1	1	0	2	1	1	0	1	1	1	2	1	1	2	1	1	1	1	1	1	1	2	1	2	1	1	1	1	1	1	1	1	1
390949	1	3	1	1	2	0	1	0	0	1	2	1	1	1	1	1	1	1	1	1	1	1	1	1	2	0	1	1	4	1	1	1	1	1	1	0	1	1	1	1	1	1	2	1	2	1	1	1	1	1	0	1	1	1	0	1	1	1	2	1	1	2	1	2	1	1	1	1	1	1	1	1	1	2	1	1	1	1	1	1	1
391034	1	3	1	1	2	0	1	0	0	1	2	1	1	1	1	1	1	1	1	1	1	1	1	1	2	0	1	1	4	1	1	1	1	1	1	0	1	1	1	1	1	1	2	1	2	1	1	1	1	1	0	1	1	1	0	1	1	1	2	1	1	2	1	2	1	1	1	1	1	1	1	1	1	2	1	1	1	1	1	1	1
390835	1	3	1	1	2	0	1	0	0	1	2	1	1	1	1	1	1	1	1	1	1	1	1	1	2	0	1	1	4	1	1	1	1	1	1	0	1	1	1	1	1	1	2	1	2	1	1	1	1	1	0	1	1	1	0	1	1	1	2	1	1	2	1	2	1	1	1	1	1	1	1	1	1	2	1	1	1	1	1	1	1
391051	1	3	1	1	2	0	1	0	1	1	1	1	1	1	1	1	1	1	1	1	1	1	1	1	1	0	1	1	4	1	1	1	1	1	1	0	1	1	1	1	1	1	2	1	3	1	1	1	1	1	0	1	1	1	0	1	1	1	2	1	1	2	1	2	1	1	1	1	1	1	1	1	1	1	1	1	1	1	1	1	1
390882	3	3	1	1	2	0	1	0	1	1	2	1	1	1	1	1	1	1	1	1	1	1	1	1	2	0	1	1	4	1	1	1	1	1	1	0	1	1	1	1	1	1	2	1	3	1	1	1	1	1	0	3	1	1	0	1	1	1	2	1	1	2	1	2	1	1	1	1	1	1	1	1	1	1	1	1	1	1	1	1	1
390918	1	3	1	1	2	0	1	0	1	1	2	1	1	1	1	1	2	1	1	1	1	1	1	1	2	0	1	1	4	1	1	1	1	1	1	0	1	1	1	1	1	1	2	1	3	1	1	1	1	1	0	2	1	1	0	1	1	1	2	1	1	2	1	2	1	1	1	1	1	1	1	1	1	1	1	1	1	1	1	1	1
390881	1	3	1	1	2	0	1	0	1	1	2	1	1	1	1	1	2	1	1	1	1	1	1	1	3	0	1	1	4	1	1	1	1	1	1	0	1	1	1	1	1	1	2	1	3	1	1	1	1	1	0	2	1	1	0	1	1	1	2	1	1	2	1	2	1	1	1	1	1	1	1	1	1	2	1	1	1	1	1	1	1
390976	1	3	1	1	2	0	1	0	1	1	1	1	1	0	1	1	2	1	1	1	1	1	1	1	2	0	1	1	4	1	1	1	1	1	1	0	1	1	1	1	1	1	2	1	3	1	1	1	1	1	0	1	1	1	0	1	1	1	2	1	1	2	1	2	1	1	1	1	1	1	1	1	1	1	1	1	1	1	1	1	1
391002	1	3	1	1	2	0	1	0	1	1	1	1	1	1	1	1	2	1	1	0	1	1	1	1	2	0	1	1	4	1	1	1	1	1	1	0	1	1	1	1	1	1	2	1	3	1	1	1	1	1	0	1	1	1	0	1	1	1	2	1	1	2	1	2	1	1	1	1	1	1	1	1	1	1	1	1	1	1	1	1	1
390884	1	3	1	1	2	0	1	0	1	1	1	1	1	1	1	1	2	1	1	1	1	1	1	1	2	0	1	1	4	1	1	1	1	1	1	0	1	1	1	1	1	1	2	1	3	1	1	1	1	1	0	1	1	1	0	1	1	1	2	1	1	2	1	2	1	1	1	1	1	1	1	1	1	1	1	1	1	1	1	1	1
390921	1	3	1	1	2	0	1	0	0	1	2	1	1	1	1	1	1	1	1	1	1	1	1	1	2	0	1	1	4	1	1	1	1	1	1	0	1	1	1	1	1	1	2	1	3	1	1	1	1	1	0	1	1	1	0	1	1	1	2	1	1	2	1	2	1	1	1	1	1	1	1	1	1	1	1	1	1	1	1	1	1
391012	1	3	1	1	2	0	1	0	1	1	2	1	1	1	1	1	1	1	1	1	1	1	1	1	1	0	1	1	4	1	1	1	1	1	1	0	1	1	1	1	1	1	2	1	3	1	1	1	1	1	0	1	1	1	0	1	1	1	2	1	1	2	1	2	1	1	1	1	1	1	1	1	1	1	1	1	1	1	1	1	1
391105	1	3	1	0	2	0	1	1	1	1	2	1	1	1	1	1	2	1	1	1	1	1	1	1	1	0	1	1	4	1	1	1	1	1	1	0	1	1	1	1	1	1	2	1	3	1	1	1	1	1	0	2	1	1	0	1	1	1	2	1	1	2	1	2	1	1	1	1	1	1	1	2	1	1	1	1	1	1	1	1	1
390902	1	3	1	1	2	0	1	1	1	1	2	1	1	1	1	1	2	1	1	1	1	1	1	1	1	0	1	1	4	1	1	1	1	1	1	0	1	1	1	1	1	1	2	1	3	1	1	1	1	1	0	2	1	1	0	1	1	1	2	1	1	2	1	2	1	1	1	1	1	1	1	2	1	1	1	1	1	1	1	1	1
390951	1	3	1	1	2	0	1	1	1	1	2	1	1	1	1	1	2	1	1	1	1	1	1	1	1	0	1	1	4	1	1	1	1	1	1	0	1	1	1	1	1	1	2	1	3	1	1	1	1	1	0	2	1	1	0	1	1	1	2	1	1	2	1	2	1	1	1	1	1	1	1	2	1	1	1	1	1	1	1	1	1
391233	1	3	1	1	2	0	1	1	1	1	1	1	1	1	1	1	1	1	1	1	1	1	1	1	2	0	1	1	4	1	1	1	1	1	1	0	1	1	1	1	1	1	4	1	3	1	1	1	1	1	0	2	1	1	0	1	1	1	2	1	1	2	1	2	1	1	1	1	1	1	1	1	1	1	1	1	1	1	1	1	1
391217	1	3	1	1	2	0	1	0	1	1	2	1	1	1	1	1	1	1	1	1	1	1	1	1	2	0	1	1	4	1	1	1	1	1	1	0	1	1	1	1	1	1	3	1	3	1	1	1	1	1	0	1	1	1	0	1	1	1	2	1	1	2	1	2	1	1	1	1	1	1	1	1	1	1	1	1	1	1	1	1	1
391175	2	3	1	1	2	0	1	0	0	1	1	1	1	1	2	1	2	1	1	1	1	1	1	1	2	0	1	1	4	1	1	1	1	1	1	0	1	1	1	1	1	1	2	1	3	1	1	1	1	1	0	2	1	1	0	1	1	1	2	1	1	2	1	2	1	1	1	1	1	1	1	1	1	1	1	1	1	1	1	1	1
391220	2	3	1	1	2	0	1	0	1	1	2	1	1	1	1	1	1	1	1	1	1	1	1	1	2	0	1	1	4	1	1	1	1	1	1	0	1	1	1	1	1	1	4	1	3	1	1	1	1	1	0	2	1	1	0	1	1	1	2	1	1	2	1	2	1	1	1	1	1	1	1	1	1	1	1	1	1	1	1	1	1
391236	2	3	1	1	2	1	1	1	1	1	2	1	1	1	1	2	1	1	1	1	1	1	1	1	3	0	1	1	5	1	1	1	1	1	1	0	1	1	1	1	1	1	4	1	4	1	1	1	1	1	0	2	1	1	0	2	1	1	2	1	1	2	1	1	1	1	1	1	1	2	1	2	1	2	1	1	1	1	1	1	1
391250	1	3	1	1	2	0	1	0	1	1	2	1	1	1	1	1	2	1	1	1	1	1	1	1	2	0	1	1	4	1	1	1	1	1	1	0	1	1	1	1	1	1	2	1	3	1	1	1	1	1	0	2	1	1	0	1	1	1	2	1	1	2	1	2	1	1	1	1	1	1	1	1	1	1	1	1	1	1	1	1	1
391224	1	3	1	1	2	1	1	0	1	1	2	1	1	1	1	2	1	1	1	1	1	1	1	1	2	0	1	1	5	1	1	1	1	1	1	0	1	1	1	1	1	1	4	1	4	1	1	1	1	1	0	2	1	1	0	1	1	1	2	1	1	2	1	2	1	1	1	1	1	2	1	1	1	1	1	1	1	1	1	1	1
391170	1	3	1	1	2	0	1	0	1	1	1	1	1	1	1	1	1	1	1	1	1	1	1	1	2	0	1	1	4	1	1	1	1	1	1	0	1	1	1	1	1	1	2	1	3	1	1	1	1	1	0	1	1	1	0	1	1	1	2	1	1	2	1	2	1	1	1	1	1	1	1	1	1	1	1	1	1	1	1	1	1
391186	1	3	1	1	2	0	1	0	0	1	2	1	1	1	1	1	1	1	1	1	1	1	1	1	1	0	1	1	4	1	1	1	1	1	1	0	1	1	1	1	1	1	4	1	3	1	1	1	1	1	0	1	1	1	0	1	1	1	2	1	1	2	1	2	1	1	1	1	1	1	1	1	1	1	1	1	1	1	1	1	1
391247	1	3	1	1	2	0	1	0	0	1	2	1	1	1	1	1	1	1	1	1	1	1	1	1	2	0	1	1	4	1	1	1	1	1	1	0	1	1	1	1	1	1	2	1	3	1	1	1	1	1	0	1	1	1	0	1	1	1	2	1	1	2	1	1	1	1	1	1	1	1	1	1	1	1	1	1	1	1	1	1	1
391196	1	3	1	1	2	0	1	1	1	1	2	1	1	1	1	1	2	1	1	1	1	1	1	1	1	0	1	1	4	1	1	1	1	1	1	0	1	1	1	1	1	1	2	1	3	1	1	1	1	1	0	2	1	1	0	1	1	1	2	1	1	2	1	2	1	1	1	1	1	1	1	2	1	1	1	1	1	1	1	1	1
391243	1	3	1	1	2	0	1	1	1	1	2	1	1	1	1	1	1	1	1	1	1	1	1	1	4	0	1	1	4	1	1	1	1	1	1	0	1	1	1	1	1	1	2	1	3	1	1	1	1	1	0	1	1	1	0	1	1	1	2	1	1	2	1	2	1	1	1	1	1	1	1	1	1	1	1	1	1	1	1	1	1
390972	2	3	1	1	2	0	1	0	1	1	1	1	1	1	2	1	1	1	1	1	1	1	1	1	3	0	1	1	4	1	1	1	1	1	1	0	1	1	1	1	1	1	4	1	3	1	1	1	1	1	0	1	1	1	0	1	1	1	2	1	1	2	1	2	1	1	1	1	1	1	1	1	1	1	1	1	1	1	1	1	1
390876	1	3	1	1	2	0	1	0	1	1	1	1	1	1	1	1	1	1	1	1	1	1	1	1	3	0	1	1	4	1	1	1	1	1	1	0	1	1	1	1	1	1	2	1	3	1	1	1	1	1	0	1	1	1	0	1	1	1	2	1	1	2	1	1	1	1	1	1	1	1	1	2	1	1	1	1	1	1	1	1	1
391129	1	3	1	1	2	0	1	0	1	1	1	1	1	1	1	1	1	1	1	1	1	1	1	1	3	0	1	1	4	1	1	1	1	1	1	0	1	1	1	1	1	1	2	1	3	1	1	1	1	1	0	1	1	1	0	1	1	1	2	1	1	2	1	1	1	1	1	1	1	1	1	2	1	1	1	1	1	1	1	1	1
390988	1	3	1	1	2	1	1	0	1	1	1	1	1	1	1	2	1	1	1	1	1	1	1	1	1	0	1	1	5	1	1	1	1	1	1	0	1	1	1	1	1	1	2	1	4	1	1	1	1	1	0	2	1	1	0	1	1	1	2	1	1	2	1	1	1	1	1	0	1	2	1	2	1	1	1	1	1	1	1	1	1
390967	1	3	1	1	2	1	1	0	1	1	1	1	1	1	1	2	1	1	1	1	1	1	1	1	1	0	1	1	5	1	1	1	1	1	1	0	1	1	1	1	1	1	2	1	4	1	1	1	1	1	0	2	1	1	0	1	1	1	2	1	1	2	1	1	1	1	1	1	1	2	1	2	1	1	1	1	1	1	1	1	1
390873	1	3	1	1	2	1	1	0	1	1	1	1	1	1	1	2	1	1	1	1	1	1	1	1	1	0	1	1	5	1	1	1	1	1	1	0	1	1	1	1	1	1	2	1	4	1	1	1	1	1	0	2	1	1	0	1	1	1	2	1	1	2	1	1	1	1	1	1	1	2	1	2	1	1	1	1	1	1	1	1	1
390847	1	3	1	1	2	1	1	0	1	1	1	1	1	1	1	2	1	1	1	1	1	1	1	1	2	0	1	1	5	1	1	1	1	1	1	0	1	1	1	1	1	1	2	1	4	1	1	1	1	1	0	2	1	1	0	1	1	1	2	1	1	2	1	1	1	1	1	1	0	2	1	2	1	1	1	1	1	1	1	1	1
391052	1	3	1	1	2	1	1	1	1	1	1	1	1	1	1	2	1	1	1	1	1	1	1	1	3	0	1	1	5	1	1	1	1	1	1	0	1	1	1	1	1	1	3	1	4	1	1	1	1	1	0	2	1	1	0	2	1	1	2	1	1	2	1	1	1	1	1	1	1	2	1	2	1	2	1	1	1	1	1	1	1
390938	0	1	0	1	0	0	0	0	0	1	1	0	1	0	1	1	1	1	0	0	0	1	1	1	1	0	1	0	3	0	0	1	0	0	0	0	0	1	1	1	1	1	1	1	3	1	0	1	0	1	0	1	0	1	0	1	1	0	2	0	1	2	0	1	1	1	1	1	1	1	0	1	2	1	0	1	0	1	2	2	1
391047	1	1	0	0	2	0	0	0	1	1	0	0	2	1	0	1	0	1	1	1	0	0	1	1	1	0	2	0	2	0	0	0	0	0	0	0	0	1	0	0	1	1	0	0	1	0	0	1	4	2	1	2	2	1	1	1	0	0	2	0	1	1	0	1	1	1	0	0	1	1	0	1	0	0	0	1	0	0	3	3	3
391079	0	1	0	1	1	0	1	0	1	1	0	1	1	1	1	1	1	1	2	0	1	1	1	1	1	0	2	0	3	1	0	0	1	0	0	0	0	0	0	0	1	1	2	1	2	1	0	1	1	1	0	1	1	1	0	0	0	0	1	0	1	2	0	2	0	1	1	0	1	2	0	1	0	1	0	1	0	0	2	2	3
390907	1	1	1	1	2	0	1	0	2	1	0	0	0	1	0	1	0	1	0	0	0	0	0	0	0	0	2	0	3	1	0	0	0	0	0	0	1	1	0	1	1	1	1	1	4	0	0	1	2	2	1	2	2	1	1	0	1	0	1	0	0	0	0	2	1	1	1	0	1	1	1	1	0	2	0	1	1	0	2	2	1
391039	1	2	0	1	1	0	0	0	0	0	1	0	1	0	0	0	1	1	0	1	1	1	0	0	0	0	0	1	2	0	1	1	0	1	0	0	0	1	1	1	1	1	1	0	1	0	1	0	1	0	0	0	0	1	0	0	1	1	0	1	0	2	0	1	0	1	0	1	1	0	1	1	0	1	1	1	0	1	0	0	0
391124	0	1	0	1	1	0	0	0	0	0	1	1	0	0	0	1	1	1	1	0	0	0	1	0	0	0	0	0	3	0	1	0	0	1	1	0	0	0	0	0	0	0	0	0	3	0	0	1	0	0	0	1	1	0	0	1	0	1	1	0	0	2	0	0	0	0	1	0	1	1	1	0	0	0	0	0	0	0	0	0	0
390821	0	1	1	1	0	0	1	0	1	1	1	0	0	1	1	0	1	0	0	1	1	0	0	0	0	0	1	1	1	1	1	1	1	1	1	0	1	0	1	1	1	1	1	0	0	0	1	0	0	1	0	0	0	1	0	0	1	1	1	0	1	1	0	0	0	1	0	0	0	0	1	0	1	0	0	1	1	1	1	1	1
391061	1	1	0	1	1	0	1	0	1	1	2	1	1	0	1	1	0	1	1	0	1	0	1	1	0	0	1	1	4	1	1	1	0	0	0	0	1	1	1	1	1	1	0	0	3	1	0	1	0	1	0	1	1	1	0	1	0	0	2	1	1	1	1	1	1	1	1	0	0	1	1	1	1	1	1	0	1	0	0	0	1
391089	0	2	0	1	1	0	1	0	1	1	1	1	1	0	1	0	0	1	0	1	0	0	0	1	0	0	1	1	0	1	1	1	1	1	1	0	1	1	1	1	1	1	2	0	0	1	0	0	1	1	0	0	0	0	0	0	1	0	0	1	1	0	1	1	1	1	0	0	0	0	0	0	1	1	1	1	1	1	0	0	1
390831	0	0	1	0	1	0	1	0	0	0	1	1	0	1	1	0	1	0	0	0	0	1	0	0	1	0	1	0	1	0	1	0	0	0	0	0	0	0	0	0	0	0	0	1	1	1	0	0	0	0	0	0	0	0	0	0	0	1	0	0	1	1	0	0	0	0	0	0	0	0	0	0	1	0	0	0	1	0	1	1	0
391072	0	2	1	0	1	0	1	0	1	1	2	0	1	1	1	1	1	1	1	1	1	1	1	1	1	0	1	1	4	1	1	1	1	1	1	0	0	1	1	1	1	1	1	1	2	1	1	1	0	1	0	1	1	0	0	1	0	1	1	1	1	1	1	1	0	1	0	1	0	1	1	1	1	1	1	1	1	1	1	1	1
390879	0	3	0	1	2	0	0	0	1	1	1	0	0	0	1	0	1	1	1	1	1	1	1	1	1	0	0	1	2	0	1	1	1	1	0	0	1	0	1	0	1	1	2	0	0	0	0	0	1	1	0	1	0	1	0	0	1	1	1	1	0	1	1	1	1	1	0	1	0	0	1	0	1	1	1	1	0	1	0	0	1
390862	0	2	1	0	1	0	1	0	0	0	0	1	1	1	1	1	0	0	0	0	1	0	0	0	1	0	1	0	1	0	0	0	0	0	0	0	0	1	0	1	1	1	1	1	2	1	0	0	1	0	0	0	0	0	0	0	1	0	0	1	1	0	1	2	0	1	0	0	0	1	0	0	1	0	0	0	0	0	1	1	0
390867	1	1	0	0	1	0	1	0	1	0	1	0	0	0	1	0	1	0	0	0	1	1	0	0	0	0	1	0	2	1	1	0	1	1	1	0	0	0	0	1	1	1	0	0	1	1	0	1	0	0	0	2	1	1	0	1	0	1	1	1	0	1	1	1	1	1	1	1	0	0	1	1	1	1	1	1	1	0	0	1	1
390942	1	1	1	1	2	0	0	0	1	0	1	0	1	0	0	1	1	1	1	0	1	1	1	0	1	0	0	0	2	0	1	1	1	1	1	0	1	1	1	1	1	1	1	1	1	0	1	1	1	0	0	0	1	1	0	1	1	1	1	1	1	2	1	2	1	1	1	0	1	1	0	1	0	1	1	1	0	0	1	1	1
390963	1	3	1	0	0	0	0	0	1	1	1	0	1	0	1	1	1	0	0	1	0	1	0	1	1	0	0	1	3	0	1	1	1	1	1	0	1	1	1	1	1	1	2	1	2	0	1	0	0	1	0	1	0	1	0	0	0	1	2	1	1	2	1	1	0	1	0	0	1	1	1	1	0	1	0	1	0	1	1	0	0
390848	1	2	0	0	1	0	1	0	1	1	1	1	1	1	1	1	0	0	0	1	1	0	0	1	0	0	0	0	1	0	0	1	1	1	0	0	0	1	0	1	1	1	3	0	2	1	0	1	1	1	0	0	1	1	0	1	0	0	0	1	1	0	1	2	1	1	1	0	0	1	0	0	1	1	1	1	0	1	0	0	1
391099	1	2	1	1	1	0	1	0	1	1	2	1	1	1	1	1	1	1	1	1	1	1	1	0	1	0	1	1	4	1	1	1	1	1	1	0	1	1	1	1	1	1	0	1	3	1	0	1	0	0	0	1	1	1	0	1	1	1	2	1	1	2	1	1	1	1	1	1	1	1	1	0	1	1	1	1	1	1	1	1	1
390840	0	3	1	1	2	0	1	0	1	1	2	0	0	0	1	0	1	1	1	1	1	1	1	1	0	0	1	1	3	1	1	1	1	1	1	0	1	1	1	1	1	1	1	1	2	1	1	1	1	1	0	1	1	1	0	0	1	1	2	1	1	2	1	1	0	1	1	0	1	0	1	1	1	0	0	1	1	1	1	1	1
390915	1	3	1	1	2	0	1	0	1	1	2	1	1	1	1	0	1	0	0	1	1	0	0	1	1	0	1	1	2	1	1	1	1	1	1	0	1	1	1	0	1	1	3	1	2	1	1	1	1	1	0	0	1	1	0	1	0	1	1	1	1	1	1	2	1	1	1	0	0	0	1	1	1	0	1	1	1	1	1	1	1
390925	0	2	1	1	1	0	1	0	1	1	2	1	0	1	1	0	1	1	1	1	1	1	1	1	1	0	1	1	1	1	1	1	1	1	1	0	1	1	1	1	1	1	1	1	1	1	0	1	0	0	0	1	1	0	0	0	0	1	2	0	1	2	0	1	0	2	1	0	1	0	0	0	1	0	0	1	1	1	1	1	1
390819	1	3	1	1	1	0	1	0	1	1	2	1	1	1	1	1	1	1	1	1	1	1	1	1	1	0	1	1	4	1	1	1	1	1	1	0	1	1	1	0	0	0	2	1	3	1	1	1	1	1	0	0	1	1	0	1	1	1	1	1	1	1	0	2	1	0	1	1	1	1	1	1	1	1	1	1	1	0	1	1	1
390991	0	3	0	0	2	0	1	0	1	1	2	0	1	1	1	1	0	0	0	1	1	0	0	1	0	0	1	1	3	1	2	1	1	1	1	0	1	1	1	0	1	1	3	0	1	1	1	1	1	1	0	0	1	1	0	1	1	0	1	0	1	1	0	2	1	1	1	1	1	1	1	1	1	1	1	1	1	1	1	1	1
391058	2	3	1	1	2	0	0	0	1	1	2	0	1	0	1	0	1	1	1	1	1	1	1	1	2	0	0	1	3	1	1	1	1	1	1	0	1	1	1	1	1	1	2	1	2	1	1	1	1	1	0	1	1	1	0	0	1	1	2	1	1	2	1	2	1	1	1	1	1	0	1	1	1	1	1	1	1	1	1	1	1
391097	1	2	0	1	1	0	1	0	1	1	2	1	1	1	1	0	1	1	1	0	1	1	1	1	0	0	0	1	2	0	1	1	1	1	1	0	1	1	1	1	1	1	1	0	1	1	0	1	0	1	0	1	1	1	0	1	0	1	1	1	1	2	1	2	1	1	1	0	1	0	1	1	1	1	1	1	0	0	0	0	1
390861	2	3	0	1	1	0	1	0	1	1	2	1	1	1	1	0	1	1	0	1	1	1	1	1	0	0	1	1	1	1	1	1	1	1	1	0	1	1	1	1	1	1	2	0	2	1	1	0	1	1	0	2	0	1	0	1	1	1	1	1	1	2	1	2	1	1	0	1	1	0	1	1	1	1	1	1	1	1	0	0	1
391044	1	3	0	0	2	0	1	0	1	1	2	0	1	0	1	1	1	1	0	1	1	0	0	1	1	0	1	1	2	1	1	1	1	1	1	0	0	1	1	1	1	1	2	0	1	0	0	1	1	1	0	1	1	1	0	1	1	0	1	1	0	0	1	2	0	1	1	0	0	1	0	0	1	1	0	1	1	1	0	0	1
391049	1	2	1	1	1	0	1	0	1	0	2	1	1	1	1	1	1	1	1	1	1	1	1	1	2	0	1	1	4	1	1	1	1	1	1	0	1	1	1	1	1	1	4	1	3	1	1	1	0	0	0	1	1	1	0	1	0	1	2	1	1	1	0	0	0	1	1	1	0	1	1	1	1	1	0	1	1	1	1	1	1
391121	1	3	1	1	2	0	1	0	1	0	2	1	1	1	1	1	1	1	1	0	0	1	0	0	2	0	1	1	4	1	1	1	1	1	1	0	1	1	1	1	1	1	1	1	3	1	1	1	1	1	0	2	1	1	0	1	1	1	2	1	1	2	0	1	1	1	1	1	1	1	1	1	1	1	1	1	1	0	1	1	0
391006	1	3	1	1	2	0	1	0	1	1	2	1	1	1	1	1	1	1	1	1	0	1	1	1	2	0	1	1	3	1	1	1	1	1	1	0	1	1	1	1	1	1	2	1	3	1	1	1	1	1	0	0	1	1	0	1	1	1	1	1	1	2	1	2	1	1	1	1	1	1	1	1	1	0	1	1	1	1	1	1	1
390826	1	3	1	1	2	0	0	0	1	1	2	1	1	1	1	0	3	1	1	1	0	1	1	1	1	0	0	1	3	1	1	1	1	1	1	0	2	1	1	1	0	0	2	1	2	0	1	1	1	1	0	1	1	1	0	1	0	1	2	1	1	2	0	2	1	1	1	0	1	0	1	1	1	1	1	1	1	1	1	1	1
390883	1	2	1	1	2	0	0	0	0	0	1	1	1	1	1	1	1	1	1	1	1	1	1	0	1	0	0	1	4	0	0	1	0	0	0	0	1	1	1	1	1	1	2	0	3	1	1	1	1	0	0	1	1	1	0	1	1	1	2	1	1	2	1	1	1	1	1	0	1	1	1	0	1	1	1	0	0	1	1	1	0
390890	0	3	1	1	2	0	1	0	1	1	2	1	1	1	1	1	2	1	1	1	1	0	1	1	5	0	1	1	3	1	1	1	1	1	1	0	1	1	1	1	1	1	2	1	3	1	1	0	1	1	0	1	1	1	0	1	1	1	2	1	1	2	1	2	1	1	1	1	1	1	1	1	1	2	1	1	1	1	1	1	1
390812	0	1	0	0	2	0	0	0	1	1	2	1	0	0	0	1	1	0	0	1	1	1	0	1	0	0	0	0	3	0	1	0	1	1	1	0	0	1	0	0	0	0	1	0	3	0	1	1	1	1	0	1	1	0	0	1	1	1	1	1	0	1	0	1	1	0	1	0	1	1	1	0	0	1	0	1	0	0	0	0	1
391035	1	3	1	0	2	0	1	0	1	0	1	1	1	1	1	1	1	1	1	0	1	0	1	0	1	0	1	0	4	1	1	0	1	1	1	0	0	1	0	1	1	1	1	1	3	1	1	1	1	0	0	1	1	1	0	1	0	1	1	1	1	2	1	2	0	1	1	1	1	1	1	1	1	1	1	1	0	0	1	1	1
391016	1	3	1	1	2	0	1	0	1	1	1	1	0	1	1	0	1	1	1	1	0	1	1	1	1	0	0	1	3	1	1	1	1	1	1	0	1	0	1	0	0	0	2	1	2	0	1	1	1	1	0	1	1	1	0	0	1	1	2	0	1	2	0	2	1	0	1	0	1	0	1	0	1	0	1	1	0	1	1	1	1
390872	1	1	0	1	1	0	0	0	1	0	1	1	0	1	1	0	1	1	1	1	1	1	1	0	1	0	0	1	3	0	1	1	1	1	1	0	1	0	1	1	1	1	2	1	2	1	1	0	1	0	0	1	0	1	0	0	0	1	1	1	1	2	1	2	1	1	0	1	1	0	1	1	1	0	1	1	0	1	1	1	1
391101	0	0	0	0	0	0	0	0	1	0	0	1	1	0	0	0	0	0	0	0	0	0	0	0	0	0	0	0	1	0	0	0	0	0	0	0	1	1	0	0	0	0	0	0	2	0	0	0	0	0	0	0	0	0	0	0	0	0	1	0	1	1	0	0	0	0	0	0	1	0	1	0	0	1	0	1	0	0	0	0	1
390877	1	3	1	1	2	0	1	0	1	1	2	1	1	1	0	1	1	1	1	1	1	1	1	1	2	0	1	0	4	1	1	1	1	1	1	0	1	1	1	1	1	1	2	1	3	0	1	1	1	1	0	1	1	1	0	1	1	1	2	1	1	2	0	2	1	1	1	1	1	1	1	1	0	1	1	1	1	1	1	1	1
390960	1	3	1	1	2	0	1	0	1	1	1	1	1	1	1	0	1	1	1	1	1	1	1	1	3	0	0	1	3	1	1	1	1	1	1	0	1	1	1	1	1	1	2	1	2	0	1	1	1	1	0	1	1	1	0	0	1	1	2	1	1	2	1	1	1	1	1	1	1	0	1	1	1	1	1	1	1	1	1	1	1
390936	0	2	1	0	1	0	1	0	1	1	2	1	1	1	1	0	1	0	0	1	1	1	1	1	1	0	1	1	3	1	1	1	1	1	0	0	0	1	1	1	1	1	2	1	1	1	0	1	0	1	0	1	1	1	0	1	0	1	1	1	1	1	1	1	1	1	0	1	1	0	1	1	1	1	1	1	1	1	1	1	1
390929	1	0	1	1	0	0	1	0	0	1	1	1	1	0	0	1	1	1	1	0	1	1	1	1	0	0	1	0	2	1	1	0	1	1	0	0	1	0	0	0	1	1	1	0	3	0	1	1	0	0	0	0	1	1	0	1	0	1	1	1	1	1	0	1	0	1	1	0	0	1	1	1	0	0	0	1	1	1	1	1	0
390860	0	2	0	1	1	0	0	0	0	0	2	0	0	0	0	1	1	1	1	1	1	1	1	0	1	0	0	1	3	0	1	1	0	0	0	0	1	1	1	1	1	1	1	1	3	0	1	1	1	0	0	1	1	1	0	1	1	1	1	1	1	2	0	0	0	1	1	0	1	1	1	0	0	0	0	0	0	1	0	0	0
390841	0	3	1	1	2	0	1	0	1	1	1	1	0	1	1	1	1	1	0	1	1	1	1	1	0	0	0	0	1	0	1	0	1	1	1	0	1	0	0	1	1	1	1	0	1	1	0	1	1	1	0	1	1	0	0	1	1	0	2	1	1	1	1	1	0	1	1	0	1	1	0	0	1	0	0	1	0	1	1	1	1
390919	0	3	1	1	2	0	1	0	1	1	1	1	1	1	1	0	2	1	1	1	1	1	1	1	2	0	1	1	3	1	1	1	1	1	0	0	1	1	1	1	1	1	2	1	2	1	1	1	1	1	0	1	1	1	0	0	0	1	2	0	1	2	1	2	1	1	1	1	1	0	1	1	1	1	1	1	1	1	1	1	1
390997	1	2	0	1	2	0	0	1	1	0	2	1	1	1	0	0	1	1	1	1	1	1	1	0	2	0	0	0	1	0	1	0	1	1	1	0	1	1	0	1	1	1	3	0	1	0	0	1	1	0	0	1	1	1	0	0	1	1	1	1	1	1	0	2	0	1	1	0	0	0	0	0	0	1	0	1	0	0	0	1	1
390885	1	2	0	1	0	0	1	0	0	1	2	1	0	1	1	0	1	1	1	1	1	1	1	1	0	0	1	1	3	1	1	1	1	1	1	0	1	0	1	1	1	1	1	0	2	0	1	1	0	1	0	1	1	1	0	0	0	1	1	1	1	2	1	1	1	1	1	0	1	0	1	1	1	0	1	1	1	1	0	0	0
391092	2	4	0	0	0	0	0	0	0	1	2	1	1	1	0	1	2	0	0	1	0	1	0	1	0	0	0	1	2	0	1	1	0	0	0	0	0	1	1	1	1	1	1	0	2	0	1	0	0	1	0	1	0	1	0	1	0	1	0	1	1	1	0	0	0	1	0	0	0	1	0	0	0	1	1	0	0	2	0	1	0
391074	1	2	0	1	2	0	1	0	1	1	2	1	1	1	1	0	1	1	1	1	1	1	1	1	1	0	1	0	1	1	1	1	1	1	1	0	1	1	1	1	1	1	2	0	0	1	1	1	1	1	0	1	1	1	0	1	0	1	2	1	1	2	0	2	0	1	1	0	1	0	1	1	1	1	1	1	1	1	0	0	1
390901	1	0	1	0	1	0	0	0	0	0	0	1	0	1	0	0	0	0	0	0	0	0	0	0	1	0	0	0	1	0	0	0	0	0	0	0	0	0	0	0	0	0	0	1	1	0	1	1	0	0	0	0	1	1	0	0	0	0	0	0	1	0	0	0	1	0	0	1	0	0	1	0	0	0	1	0	0	0	1	1	0
391071	1	3	1	1	2	0	1	0	1	0	1	1	0	1	1	0	1	1	1	0	0	1	1	0	1	0	1	0	3	1	1	0	1	1	1	0	1	0	0	0	0	0	0	1	2	1	1	1	1	0	0	1	1	1	0	0	1	1	2	0	1	1	1	1	1	0	1	0	1	0	1	0	1	0	1	1	1	0	1	1	1
390935	1	2	0	1	0	0	1	0	1	1	2	1	1	0	1	1	1	1	0	1	1	1	0	1	2	0	1	1	3	1	1	1	1	1	1	0	1	1	1	1	1	1	5	1	3	1	1	0	0	1	0	0	0	1	0	1	0	1	0	1	0	1	1	1	1	1	1	1	1	1	1	1	1	1	1	1	1	1	0	1	1
390895	0	2	1	1	1	0	0	0	1	0	1	0	1	0	1	1	0	1	1	0	0	0	1	0	1	0	0	0	2	0	0	0	1	1	1	0	1	1	0	1	0	0	1	1	1	0	0	0	1	0	0	0	0	0	0	1	1	0	0	1	1	0	1	2	0	1	0	0	0	1	0	0	0	1	0	1	0	0	1	1	1
391114	1	3	0	1	2	0	1	0	1	1	2	1	0	1	1	1	1	1	1	1	0	1	1	1	1	0	1	1	4	1	1	1	0	1	1	0	1	0	1	0	0	0	2	1	3	1	0	1	1	1	0	1	1	1	0	2	1	1	2	0	1	2	1	2	1	0	1	0	1	1	1	1	1	0	1	1	1	1	1	1	1
390845	1	3	0	1	2	0	1	0	1	1	2	1	1	1	1	1	1	1	0	1	1	1	0	1	0	0	1	1	3	1	1	1	1	1	1	0	1	1	1	1	1	1	2	0	3	1	1	1	1	1	0	1	1	1	0	1	1	1	2	1	1	2	1	2	0	1	1	1	1	1	1	0	1	1	1	1	1	1	0	1	1
391022	2	2	1	1	2	0	1	0	1	1	0	0	1	0	1	1	1	1	1	1	1	1	1	0	2	0	1	0	3	1	0	1	1	1	1	0	0	1	1	0	1	1	2	1	2	1	1	0	1	1	0	1	0	1	0	1	1	1	1	1	0	1	0	2	0	1	0	1	0	1	1	1	1	0	1	1	1	1	1	1	1
390956	1	3	0	1	2	0	1	0	1	1	2	1	1	1	1	1	1	1	1	1	1	1	1	1	0	0	1	1	2	1	1	1	1	1	1	0	1	1	1	1	1	1	2	0	2	1	1	1	1	1	0	1	1	1	0	1	1	1	1	1	1	2	1	2	1	1	1	1	1	1	0	1	1	1	1	1	1	1	0	0	1
390914	0	2	1	1	0	0	1	0	1	1	2	0	0	0	1	1	1	1	1	1	0	1	1	1	2	0	1	1	4	1	1	1	1	1	2	0	1	0	1	0	0	0	2	1	3	1	1	1	0	1	0	0	1	1	0	1	0	1	1	0	1	2	1	1	1	0	1	0	1	1	1	1	1	0	1	1	1	1	1	1	1
391090	1	2	1	1	1	0	1	0	1	1	2	0	0	0	1	0	1	1	1	0	0	1	1	1	0	0	1	1	3	1	1	0	1	1	1	0	0	0	1	0	0	0	0	0	2	1	1	0	0	1	0	2	0	1	0	0	0	1	1	0	0	1	1	1	0	0	0	1	1	0	1	1	1	0	1	1	1	0	1	1	1
390856	2	2	1	1	2	0	1	0	1	1	1	1	1	1	1	1	0	1	1	1	1	0	1	1	3	0	1	1	4	1	0	1	1	1	1	0	1	1	1	1	1	1	4	1	3	1	1	1	1	1	0	1	1	1	0	1	1	1	2	1	1	2	1	2	0	1	1	1	1	1	1	1	1	1	0	1	1	1	1	1	1
390839	1	2	0	1	1	0	0	0	1	1	1	1	0	1	0	1	1	0	0	1	1	1	0	1	1	0	0	0	2	1	1	1	1	1	0	0	0	0	1	1	1	1	1	1	3	0	0	0	0	1	0	1	0	0	0	1	0	1	0	1	0	0	0	1	1	1	1	1	0	1	1	0	0	0	0	1	1	0	0	0	1
391029	1	3	0	0	2	0	1	0	1	1	2	0	0	0	1	1	1	0	0	1	1	0	0	1	0	0	1	1	3	1	1	1	1	1	1	0	1	1	1	1	1	1	2	0	2	1	1	0	1	1	0	1	0	1	0	1	1	0	1	0	1	1	1	1	1	1	0	1	1	1	1	1	1	0	1	1	1	1	0	0	1
390937	0	2	0	0	2	0	1	1	0	1	1	1	1	1	1	1	0	0	0	1	1	0	0	1	0	0	1	1	2	1	0	1	1	1	1	0	0	0	1	1	1	1	1	0	1	1	0	1	1	1	0	0	1	0	0	1	1	0	1	1	1	0	1	1	1	1	1	1	0	1	0	0	1	0	0	1	1	1	0	0	1
391024	0	3	1	1	2	0	1	0	1	1	2	1	1	1	1	1	1	1	1	1	1	1	1	1	2	0	1	1	4	1	1	1	1	1	1	0	1	1	1	1	1	1	2	1	3	1	1	1	1	1	0	1	1	1	0	1	1	0	2	1	1	2	1	2	0	1	1	1	1	1	1	1	1	1	0	1	1	1	1	1	1
390993	1	0	1	0	0	0	1	0	1	0	2	0	0	1	0	1	0	0	0	1	1	0	0	1	1	0	1	0	1	1	0	1	0	1	1	0	0	0	0	0	1	1	1	1	1	0	0	1	0	0	0	0	1	0	0	1	0	0	0	1	1	2	1	1	1	1	1	0	0	1	1	1	0	0	1	0	1	1	1	1	1
391103	1	3	1	1	2	0	1	0	1	1	2	1	1	1	1	1	1	1	1	0	1	1	1	1	0	0	0	1	3	0	1	1	1	1	1	0	1	1	1	1	1	1	1	1	3	1	1	1	1	1	0	1	1	1	0	1	1	1	2	1	1	2	1	2	1	1	1	1	1	1	1	1	1	1	1	1	0	1	1	1	1
390810	1	2	1	1	1	0	1	0	1	1	2	1	1	1	1	1	1	1	1	1	1	1	1	1	1	0	1	0	4	1	1	0	0	0	1	0	1	0	0	0	0	1	1	1	3	1	1	1	0	1	0	2	1	1	0	1	0	1	2	1	1	2	1	1	1	0	1	1	1	1	1	1	1	1	0	0	1	1	1	1	1
391125	1	2	1	1	2	0	1	0	1	1	2	1	1	1	1	1	2	1	1	1	1	1	1	1	2	0	0	1	4	1	1	1	1	1	1	0	1	1	1	1	1	1	2	1	3	0	1	1	1	1	0	1	1	1	0	1	1	1	1	1	1	2	0	1	1	1	1	1	0	1	1	1	1	1	1	1	1	1	1	1	1
391025	1	3	1	1	1	0	1	0	1	1	2	1	0	1	1	1	2	1	1	1	1	1	1	1	0	0	1	0	4	1	1	1	1	1	1	0	1	1	1	1	1	1	3	0	3	0	1	1	1	1	0	0	1	1	0	1	1	1	1	1	1	2	0	1	1	1	1	0	1	1	1	1	1	1	1	1	1	1	1	1	1
390858	0	1	1	1	1	0	0	0	1	1	2	1	1	1	0	1	1	1	1	0	1	1	1	0	2	0	0	0	4	0	1	0	1	1	1	0	1	1	0	1	1	1	0	1	3	0	1	1	0	1	0	1	1	1	0	1	0	1	2	1	1	2	1	1	1	1	1	1	1	1	1	0	0	1	1	1	0	0	1	1	1
391095	1	2	1	1	2	0	1	0	1	1	1	1	1	1	1	0	1	1	1	0	1	1	1	1	2	0	1	1	3	1	1	1	1	1	1	0	1	1	1	1	1	1	1	1	2	1	0	1	1	1	0	1	1	1	0	0	1	1	1	1	1	1	0	2	1	1	1	0	1	0	1	1	0	1	1	1	1	1	1	1	1
390974	0	2	1	1	2	0	0	0	1	1	2	1	1	1	0	1	1	1	0	0	1	1	0	0	4	0	0	0	3	0	1	1	1	1	1	0	1	0	0	1	1	1	2	1	2	0	1	1	1	1	0	1	1	1	0	1	1	1	2	1	1	1	0	2	1	1	1	0	0	1	1	0	0	1	1	1	0	0	1	1	1
390971	1	2	1	1	1	0	1	0	1	1	1	1	1	1	1	1	1	1	1	1	1	1	1	1	1	0	1	1	3	1	0	1	1	1	1	0	1	1	1	0	1	1	2	1	3	0	1	1	1	0	0	0	1	1	0	1	1	1	1	0	1	1	0	2	0	1	1	0	1	1	1	0	0	1	1	1	1	1	1	1	1
390903	0	3	1	1	2	0	1	0	1	1	2	1	1	1	1	1	3	1	1	1	0	1	1	1	2	0	1	1	4	1	1	1	0	0	0	0	1	1	1	1	0	0	4	1	2	1	1	1	1	1	0	1	1	1	0	1	1	1	2	1	1	2	0	1	0	0	1	1	1	1	1	1	1	1	0	0	1	1	1	1	1
391001	0	1	1	1	1	0	1	0	1	1	2	1	0	1	1	0	1	1	0	0	1	1	0	1	3	0	1	0	2	1	1	0	1	1	1	0	1	0	0	1	1	1	0	0	1	1	0	0	0	1	0	1	0	1	0	1	0	0	2	1	1	2	1	1	0	1	1	1	1	0	0	1	1	0	0	1	1	0	1	1	1
391004	0	2	1	0	2	0	0	0	0	0	1	1	0	1	0	0	1	0	0	1	1	1	0	0	1	0	0	1	1	0	1	1	0	0	0	0	0	0	1	1	1	1	2	1	1	0	0	1	1	0	0	0	1	0	0	0	1	1	1	1	1	1	0	1	0	1	1	1	0	0	0	1	0	0	0	0	0	1	1	1	0
391041	1	3	1	1	2	0	1	0	1	0	2	1	1	1	1	1	1	0	0	1	1	1	0	0	1	0	1	1	3	0	1	1	1	1	1	0	1	1	1	1	1	1	2	1	3	1	0	1	1	0	0	1	1	1	0	1	0	1	2	1	1	1	1	2	1	1	1	1	1	1	1	1	1	1	1	1	0	1	1	1	1
390911	1	3	1	1	1	0	1	0	1	1	2	1	1	1	1	1	1	1	1	1	1	1	1	1	1	0	1	1	3	1	1	1	1	1	1	0	1	1	1	0	0	0	1	1	3	1	1	1	1	1	0	1	1	1	0	1	1	1	1	0	1	1	0	1	0	0	1	0	1	1	1	1	1	0	0	1	0	1	1	1	1
390952	0	3	1	1	1	0	1	0	1	0	2	1	0	1	1	1	1	1	1	1	1	1	1	0	1	0	1	0	3	1	1	0	1	1	1	0	1	0	0	0	0	0	1	1	3	0	1	1	1	0	0	0	1	1	0	1	1	1	1	1	1	2	0	2	0	0	1	0	1	1	1	0	1	0	0	1	1	0	1	1	1
390950	0	1	0	1	1	0	1	0	1	0	1	1	1	1	0	0	2	1	1	1	1	0	1	0	4	0	1	1	2	1	1	1	1	1	1	0	1	1	1	1	1	1	3	1	1	0	0	1	1	0	0	0	1	1	0	0	0	0	1	1	1	2	0	0	0	1	1	1	1	0	0	1	0	1	0	1	1	1	0	1	1
390916	0	3	1	1	2	0	1	0	1	1	2	1	0	1	1	1	2	1	1	1	1	1	1	1	3	0	1	1	4	1	1	1	1	1	1	0	1	0	1	0	0	0	2	1	3	0	1	1	1	1	0	1	1	1	0	1	1	1	1	1	1	1	1	2	0	0	1	1	0	1	1	1	1	0	0	1	1	1	1	1	1
391106	1	2	1	1	0	0	1	0	1	0	2	0	1	1	1	1	1	1	1	0	1	1	1	1	0	0	1	1	4	1	1	1	1	1	1	0	1	1	1	1	1	1	1	1	2	1	0	1	0	1	0	0	1	0	0	1	0	1	0	1	1	2	1	2	0	1	0	1	0	1	1	1	1	1	0	1	1	1	1	1	1
391021	1	2	1	1	1	0	1	0	1	1	2	1	1	1	0	0	1	1	1	0	1	1	1	1	1	0	1	0	3	1	1	0	1	1	1	0	1	1	0	1	1	1	1	1	2	0	1	1	1	1	0	1	1	1	0	0	1	1	1	1	1	2	0	2	1	1	1	0	1	0	1	0	0	1	1	1	1	0	1	1	1
391036	1	3	1	0	1	0	1	0	1	1	2	1	1	1	1	0	1	0	1	1	1	1	1	1	1	0	1	1	3	1	1	1	1	1	0	0	1	1	1	0	1	1	2	1	2	1	1	1	1	1	0	1	1	1	0	0	1	1	2	0	1	1	1	1	0	1	1	0	1	0	1	1	1	1	0	1	1	1	1	1	0
390850	1	0	0	1	0	0	0	0	0	0	1	1	1	1	0	0	1	1	1	1	1	1	1	0	0	0	0	1	2	0	1	0	0	0	0	0	1	1	0	1	1	1	2	1	2	0	1	0	0	0	0	0	0	1	0	0	0	1	1	0	1	2	0	1	1	1	0	1	0	0	1	1	0	1	1	0	0	0	1	1	0
391094	0	2	1	1	2	0	1	0	0	1	2	1	1	1	1	0	1	1	1	1	1	1	1	1	2	0	1	0	1	1	1	0	0	0	0	0	1	1	0	1	1	1	1	1	1	1	0	1	1	1	0	2	1	0	0	0	0	1	1	1	1	2	1	0	0	1	1	1	1	0	1	0	1	1	0	0	1	1	1	1	0
390833	0	2	1	1	2	0	0	0	1	0	1	1	1	1	0	1	1	1	1	1	1	1	1	0	2	0	0	0	4	1	1	1	1	1	1	0	1	1	0	1	1	1	1	1	3	0	1	1	1	0	0	1	1	1	0	1	1	1	2	1	1	2	1	1	1	1	0	1	1	1	1	0	0	1	1	1	0	1	1	1	1
391076	1	3	1	1	2	0	0	0	1	1	1	1	1	1	1	0	1	1	1	1	1	1	1	1	1	0	0	1	3	1	1	1	1	1	0	0	1	1	1	1	1	1	1	1	2	0	1	1	1	1	0	1	1	1	0	0	1	1	1	1	1	2	0	1	1	1	1	1	1	0	1	1	0	1	1	1	0	0	1	1	0
391038	0	1	1	0	0	0	0	0	1	0	1	0	0	0	1	0	0	0	0	0	0	0	0	0	1	0	0	0	0	0	0	1	1	1	1	0	0	0	0	0	0	0	1	1	0	0	0	0	0	0	0	0	0	0	0	1	0	0	0	0	0	0	1	2	0	0	0	0	0	0	0	0	1	0	0	1	0	1	1	1	1
390953	0	2	0	1	2	0	1	0	1	0	2	1	1	0	1	1	1	0	0	1	1	1	0	1	0	0	1	1	3	1	1	1	1	1	2	0	1	0	1	1	1	1	1	0	2	1	0	1	1	0	0	1	1	0	0	0	1	1	2	1	0	2	1	1	0	1	1	0	0	1	0	1	1	1	1	1	1	1	0	0	1
390892	1	3	1	1	2	0	1	0	1	1	2	1	1	1	1	0	1	1	1	1	1	1	1	1	1	0	1	1	3	0	1	1	1	1	1	0	0	1	1	1	1	1	2	0	2	1	1	1	1	1	0	2	1	1	0	1	1	1	1	1	1	2	0	2	1	1	1	1	1	1	1	1	1	1	1	1	1	1	1	1	1
391117	2	1	0	1	1	0	0	0	1	0	2	0	0	0	0	1	0	1	1	0	0	0	1	0	0	0	0	0	4	0	0	0	1	0	1	0	1	1	0	1	1	1	1	0	2	0	0	1	0	0	0	1	1	1	0	1	0	0	1	0	0	0	1	2	1	1	1	1	0	1	1	1	0	1	1	1	0	0	0	1	1
391127	0	3	0	1	2	0	1	0	1	1	2	0	1	0	1	1	1	1	1	0	1	1	1	1	0	0	1	1	4	1	1	0	1	1	1	0	1	1	1	1	1	1	0	1	3	1	0	1	1	1	0	1	1	1	0	1	1	1	2	1	1	2	1	1	1	1	1	1	1	1	1	1	1	1	1	1	1	0	1	1	1
390846	0	2	1	1	0	0	1	0	1	1	2	0	0	0	1	0	0	1	1	0	1	1	1	1	3	0	1	0	1	1	1	0	1	1	1	0	1	0	0	1	1	1	1	1	0	1	0	0	0	1	0	0	0	0	0	1	0	1	1	1	1	1	0	2	0	1	0	1	0	0	0	1	1	0	0	1	0	0	1	1	1
390927	0	0	0	0	1	0	0	0	1	0	1	0	0	0	0	0	1	0	0	1	0	1	0	1	1	0	0	0	1	0	1	0	1	0	1	0	0	0	0	0	0	0	0	1	0	0	0	0	0	1	0	0	0	0	0	1	0	1	0	0	0	1	1	1	1	0	0	0	0	0	1	0	0	0	0	1	0	0	0	0	1
391077	1	1	0	1	1	0	0	0	0	0	2	1	0	0	0	0	1	1	1	1	0	0	1	1	0	0	0	1	3	0	1	1	0	0	0	0	0	0	1	0	0	0	1	1	2	0	1	1	0	1	0	2	1	0	0	0	0	0	1	0	1	0	0	0	0	0	1	0	1	0	1	1	0	0	0	0	0	1	0	0	0
390893	2	3	1	1	2	0	1	0	1	1	2	1	1	1	1	1	1	1	1	1	1	1	1	1	1	0	0	1	4	1	1	1	1	1	1	0	1	1	1	1	1	1	1	1	3	1	1	1	1	1	0	1	1	1	0	1	1	1	2	1	1	2	1	1	0	1	1	1	1	1	1	1	1	1	0	1	0	1	1	1	1
390863	0	0	1	0	0	0	0	0	1	0	2	1	0	1	0	1	0	0	0	1	1	0	0	1	0	0	0	0	2	0	1	1	1	1	1	0	0	0	0	1	1	1	1	0	3	0	0	1	0	0	0	1	1	1	0	1	0	0	1	1	1	0	0	0	0	1	1	0	1	1	1	0	0	0	1	1	0	1	1	1	0
390878	1	3	1	1	2	0	1	1	1	1	2	1	1	1	1	1	2	1	1	1	1	1	1	1	1	0	1	1	4	1	1	1	1	1	1	0	1	1	1	1	1	1	2	1	3	1	1	1	1	1	0	2	1	1	0	1	1	1	2	1	1	2	1	2	1	1	1	1	1	1	1	2	1	1	1	1	1	1	1	1	1
391093	0	0	0	0	1	0	0	0	0	0	0	0	0	1	0	0	0	0	0	0	0	1	0	0	0	0	0	1	0	0	0	0	0	0	0	0	0	0	0	1	0	0	0	0	1	0	0	0	0	0	0	1	0	0	0	0	0	0	1	0	1	1	0	0	0	0	0	1	0	0	1	1	0	0	0	0	0	0	0	0	0
390992	0	2	1	0	0	0	0	0	0	1	1	1	0	1	0	0	0	1	1	0	0	0	1	1	1	0	0	0	2	1	1	1	1	1	1	0	1	0	0	0	1	1	0	0	1	1	1	0	0	1	0	1	0	0	0	0	1	0	0	0	1	1	0	0	0	0	0	0	1	0	1	0	0	0	1	1	1	0	1	1	0
390985	0	0	0	0	0	0	0	0	0	0	0	0	0	0	0	0	0	0	0	0	0	0	0	0	0	0	0	0	0	0	0	0	0	0	1	0	0	0	1	0	0	0	0	0	0	0	0	1	0	0	0	0	1	0	0	0	0	0	0	0	0	0	0	0	0	0	1	1	0	0	0	0	0	0	0	0	0	0	0	0	0
390966	0	3	1	1	2	0	1	0	0	1	2	1	1	1	1	0	1	1	1	0	1	1	1	1	2	0	1	1	2	1	1	0	1	1	0	0	1	1	0	0	0	1	0	1	2	1	1	0	1	1	0	1	0	1	0	1	1	1	2	0	1	2	1	1	0	1	0	1	1	1	1	0	1	1	1	1	1	0	1	1	1
390836	1	0	0	0	1	0	0	0	0	0	0	0	0	0	0	0	0	0	0	0	0	0	0	0	0	0	0	1	0	0	0	0	0	0	0	0	0	0	0	0	0	0	0	0	1	0	1	0	0	0	0	1	0	0	0	0	0	0	0	0	0	0	0	0	0	0	0	0	0	0	0	0	0	0	0	0	0	0	0	0	0
390961	0	3	0	1	2	0	0	0	0	0	1	0	1	0	0	0	0	1	1	0	1	0	1	0	0	0	0	0	2	1	0	0	1	1	1	0	0	1	0	1	0	0	1	0	0	0	0	0	1	0	0	1	0	0	0	0	0	0	1	0	1	0	1	1	1	0	0	0	0	0	0	0	0	0	0	1	1	0	0	0	1
391068	2	1	1	1	1	0	0	1	0	1	2	1	1	0	1	0	1	0	0	0	0	1	0	1	4	0	0	0	1	0	1	0	0	0	0	0	1	1	0	0	0	1	1	1	1	0	1	1	0	1	0	1	1	1	0	0	0	1	1	1	1	2	0	1	0	1	1	0	1	0	0	0	0	1	0	1	0	0	1	1	0
391073	0	2	1	1	2	0	0	0	0	0	1	1	1	1	0	0	1	1	1	0	0	1	1	0	1	0	0	0	3	0	1	0	0	0	0	0	1	0	0	1	0	0	1	1	2	0	1	0	1	0	0	1	0	1	0	0	1	1	2	0	1	2	0	1	1	0	1	0	1	0	1	0	0	0	1	0	0	0	1	1	0
391111	0	0	0	0	0	0	0	0	0	1	0	0	0	0	0	0	0	0	0	0	0	0	0	1	1	0	0	0	0	0	0	0	0	0	0	0	0	1	0	0	1	1	0	1	0	0	0	0	0	0	0	0	0	1	0	0	1	0	1	0	0	0	0	1	0	1	0	0	1	0	0	0	0	0	0	0	0	0	0	0	0
391179	1	3	1	1	2	0	1	0	1	1	2	1	1	1	1	1	2	1	1	1	1	1	1	1	4	0	1	1	4	1	1	1	1	1	1	0	1	1	1	1	1	1	2	1	3	1	1	1	1	1	0	2	1	1	0	1	1	1	2	1	1	2	1	2	1	1	1	1	1	1	1	1	1	1	1	1	1	1	1	1	1
391234	1	3	1	1	2	0	1	0	0	1	3	1	1	1	1	1	2	1	1	1	1	1	1	1	2	0	1	1	4	1	1	1	1	1	1	0	1	1	1	1	1	1	2	1	3	1	1	1	1	1	0	1	1	1	0	1	1	1	2	1	1	2	1	2	1	1	1	1	1	1	1	1	1	1	1	1	1	1	1	1	1
390939	1	3	1	1	2	0	1	3	1	1	2	1	1	1	2	2	1	1	1	1	1	3	0	1	4	0	1	0	5	1	1	1	1	1	1	0	1	1	1	1	1	1	2	1	6	2	1	0	1	1	0	3	1	1	1	1	1	1	2	1	1	1	1	2	1	1	1	1	1	2	1	2	1	2	1	1	2	1	1	1	1
391130	1	3	1	1	2	1	1	3	1	1	2	1	1	1	2	2	1	1	1	1	1	3	1	1	4	0	1	1	5	1	1	1	1	1	1	0	1	1	1	1	1	1	2	1	6	2	1	1	1	1	0	2	2	1	1	1	1	1	2	1	1	1	1	2	1	1	1	1	1	2	1	2	0	3	1	1	2	2	1	1	1
390943	2	3	1	1	2	1	1	3	1	1	2	1	2	1	2	3	1	1	1	1	1	2	1	1	2	0	1	1	7	2	1	1	1	1	1	0	1	1	1	1	1	1	2	1	5	2	1	1	1	2	1	2	2	1	0	1	1	1	2	1	1	3	1	2	1	1	1	1	1	3	1	2	0	2	1	1	2	2	1	1	1
390924	4	2	1	2	3	0	1	1	2	1	1	1	2	1	1	3	1	1	1	1	1	2	1	1	4	0	1	1	8	1	1	1	1	1	1	0	1	1	1	1	0	1	4	1	7	1	1	1	1	1	0	2	2	1	1	1	1	1	2	1	1	4	1	2	1	1	1	1	1	4	1	1	1	2	1	1	1	3	1	0	1
391081	2	3	1	3	3	0	1	4	2	1	2	1	3	1	3	3	1	1	1	1	1	3	1	1	2	0	1	1	8	1	1	1	1	1	1	0	1	1	1	1	0	1	2	1	6	2	1	1	1	1	0	2	2	1	1	1	1	1	2	1	1	3	1	2	1	1	1	1	1	4	1	2	1	3	1	1	1	3	1	0	1
391008	3	2	1	1	3	0	1	1	2	1	1	1	2	1	1	3	1	1	1	1	1	2	1	1	4	0	1	1	8	1	1	1	1	1	1	0	1	1	1	1	0	1	2	1	7	1	1	1	1	1	0	2	2	1	1	1	1	1	2	1	1	3	1	2	1	1	1	1	1	4	1	1	1	2	1	1	1	3	1	0	1
391214	1	2	1	1	2	0	1	2	1	1	2	1	1	1	2	3	1	1	1	1	1	2	1	1	2	0	1	1	8	1	1	1	1	1	1	0	1	1	1	1	0	1	2	1	7	1	1	1	1	1	0	1	2	1	2	1	1	1	2	1	1	2	1	2	1	1	1	1	1	5	1	1	0	2	1	1	1	3	1	0	2
390887	1	3	1	1	2	0	1	0	0	1	2	1	0	1	0	1	1	0	1	1	1	2	1	0	1	0	1	1	5	0	1	1	1	1	1	0	1	1	1	1	1	1	2	1	3	0	1	1	1	1	0	0	1	1	0	0	1	1	1	0	0	1	1	1	0	1	1	0	1	1	1	1	1	1	1	1	1	1	1	1	1
390897	1	3	1	1	2	1	1	0	1	1	2	1	0	2	1	2	1	1	1	1	1	2	0	1	1	0	1	1	5	1	0	1	1	1	1	0	1	1	1	1	1	1	2	1	4	1	0	1	0	1	0	1	1	1	0	0	0	1	1	0	1	2	1	2	2	1	0	1	1	2	1	1	1	1	1	1	1	0	0	1	1
390965	1	3	1	1	1	1	1	0	1	1	2	1	1	1	1	1	1	0	1	1	1	0	1	1	0	0	1	1	2	1	1	1	1	1	1	0	0	1	1	1	1	1	0	0	3	0	1	1	0	2	0	1	1	1	0	1	1	1	0	0	1	2	0	1	1	1	1	1	1	1	1	1	1	1	1	1	1	1	1	1	1
391023	0	3	1	1	2	1	1	0	1	1	2	1	1	1	1	1	1	1	1	1	1	2	1	1	1	0	1	1	6	1	1	1	1	1	1	0	1	1	1	1	1	1	2	1	2	1	1	1	1	1	0	1	1	1	0	1	1	1	2	1	1	2	1	2	1	1	1	1	1	1	1	2	1	1	1	1	1	1	1	1	1
391248	1	3	1	2	3	1	1	0	1	1	3	1	1	1	2	3	2	1	1	1	1	2	1	1	3	0	1	1	7	1	1	1	1	1	1	0	1	1	1	1	1	1	2	1	3	1	1	1	1	1	0	2	1	1	1	1	1	1	2	1	1	2	1	1	1	1	1	1	1	4	1	1	1	1	1	1	1	1	1	1	1
391007	1	3	1	2	3	1	1	0	1	1	3	1	1	1	1	2	2	1	1	1	1	2	1	1	3	0	1	1	6	1	1	1	1	1	1	0	1	1	1	1	1	1	2	1	3	1	1	1	1	1	0	2	1	1	0	1	1	1	2	1	1	2	1	1	1	1	1	1	1	4	1	1	1	1	1	1	1	1	1	1	1
390852	2	3	1	1	2	1	1	0	1	1	3	1	1	1	1	2	2	0	1	1	1	2	1	1	1	0	1	1	5	1	1	1	1	1	1	0	1	1	1	1	1	1	2	1	4	1	1	1	1	1	0	2	1	1	0	1	1	1	2	1	1	2	1	1	1	1	1	1	1	3	1	2	1	2	1	1	1	1	1	1	1
391187	1	2	1	1	2	1	1	2	1	1	1	1	2	1	2	4	1	1	1	1	1	3	1	1	2	0	1	1	8	1	1	1	1	1	1	0	1	1	1	1	1	2	2	1	7	1	1	1	1	1	0	2	1	1	0	1	1	1	2	1	1	2	1	1	1	1	1	1	1	4	1	2	0	1	1	1	1	2	1	1	1
391222	2	3	1	1	2	1	1	2	1	1	3	1	2	1	1	1	1	1	1	1	1	2	1	1	2	0	1	1	7	1	1	1	1	1	1	0	1	1	1	1	1	1	3	1	5	1	1	1	1	1	0	2	1	1	0	1	1	1	2	1	1	2	1	1	1	1	1	1	1	2	1	2	0	1	1	1	1	2	1	1	1
391159	2	3	1	1	2	1	1	2	1	1	3	1	2	1	1	1	1	1	1	1	1	2	1	1	2	0	1	1	7	1	1	1	1	1	1	0	1	1	1	1	1	1	3	1	5	1	1	1	1	1	0	2	1	1	0	1	1	1	2	1	1	2	1	2	1	1	1	1	1	2	1	2	0	1	1	1	1	2	1	1	1
390820	1	3	1	1	2	1	1	0	1	1	3	1	1	1	2	1	1	1	1	1	1	1	1	1	4	0	1	1	5	1	1	1	1	1	1	0	1	1	1	1	1	1	4	0	3	1	1	1	1	1	0	2	1	1	0	1	1	1	2	1	1	2	1	1	1	1	1	1	1	1	1	2	1	1	1	1	1	1	1	1	1
391053	2	3	1	1	2	1	1	0	1	1	3	1	1	1	1	1	2	1	1	1	1	2	1	1	1	0	1	1	6	1	1	1	1	1	1	0	1	1	1	1	1	1	2	1	4	1	1	1	1	1	0	1	1	1	0	1	1	0	2	1	1	2	1	2	1	1	1	1	1	1	1	2	1	2	1	1	1	1	1	1	1
390973	1	3	1	1	2	1	1	0	1	1	3	1	1	1	1	2	3	1	1	1	1	2	1	1	2	0	1	1	6	1	1	1	1	1	1	0	1	1	1	1	1	1	2	1	4	1	1	1	1	1	0	1	1	1	0	1	1	1	2	1	1	2	1	2	1	1	1	1	1	2	1	2	1	2	1	1	1	1	1	1	1
391018	1	3	1	1	2	1	1	0	1	1	1	1	1	1	1	1	2	1	1	1	1	1	1	1	2	0	1	1	5	1	1	1	1	1	2	0	1	1	1	1	1	1	4	1	3	1	1	1	1	1	0	2	1	1	0	1	1	1	2	1	1	2	1	2	1	1	1	1	1	1	1	2	1	2	1	1	1	1	1	1	1
390864	2	4	1	3	5	1	1	0	1	1	3	1	1	1	1	1	2	1	1	1	0	3	2	0	1	0	0	0	7	0	1	1	1	1	1	0	1	1	1	1	0	0	4	1	3	0	1	1	1	1	0	2	1	1	0	1	1	0	2	1	1	1	0	2	1	1	1	0	1	1	1	2	1	1	1	1	0	1	1	1	1
390888	2	3	1	1	2	1	1	0	1	1	2	1	1	1	1	1	1	1	1	1	1	1	1	1	4	0	1	1	5	1	1	1	1	1	1	0	1	1	1	1	1	1	4	0	4	1	1	1	1	1	0	1	1	1	0	1	1	1	2	1	1	2	1	1	1	1	1	1	1	1	1	2	1	1	1	1	1	1	1	1	1
391026	1	3	1	1	2	1	1	0	1	1	2	1	1	1	1	1	3	1	1	1	1	1	1	1	1	0	1	1	5	1	1	1	1	1	1	0	1	1	1	1	1	1	2	1	4	1	1	1	1	1	0	1	1	1	0	1	1	1	2	1	1	2	1	1	1	1	1	1	1	1	1	2	1	2	1	1	1	1	1	1	1
391066	2	3	1	1	2	1	1	0	1	1	2	1	1	1	1	1	2	1	1	1	1	1	1	1	3	0	1	1	5	1	1	1	1	1	1	0	1	1	1	1	1	1	2	0	4	1	1	1	1	1	0	1	1	1	0	1	1	1	2	1	1	2	1	1	1	1	1	1	1	1	1	2	1	1	1	1	1	1	1	1	1
391113	2	3	1	1	2	1	1	1	1	1	2	1	1	1	1	2	1	1	1	1	1	2	1	1	1	0	1	1	8	1	1	1	1	1	1	0	1	1	1	1	1	1	2	1	5	2	1	1	1	2	1	2	2	1	1	1	1	1	2	1	1	2	1	2	1	1	1	1	1	3	1	2	1	2	1	1	2	2	2	1	1
390909	2	3	1	1	2	1	1	1	1	1	2	1	1	1	1	2	1	1	1	1	1	2	1	1	2	0	1	1	8	2	1	1	1	1	1	0	1	1	1	1	1	1	2	1	5	2	1	1	1	2	1	2	2	1	1	1	1	1	2	1	1	2	1	2	1	1	1	1	1	3	1	2	1	2	1	1	2	1	1	1	1
390830	1	3	1	2	4	0	1	2	1	1	2	1	4	1	2	2	3	1	1	1	1	3	1	1	1	0	1	1	6	1	1	2	1	1	1	0	1	1	1	1	1	1	2	1	7	1	1	1	1	1	0	3	1	1	0	2	1	1	2	1	1	2	1	1	1	1	1	1	1	3	1	2	2	2	1	1	1	5	2	1	2
391040	2	4	1	1	2	1	1	2	1	1	2	1	2	1	1	1	1	1	1	1	1	3	1	1	1	0	1	1	8	1	1	1	1	1	1	0	1	1	1	1	1	1	2	1	5	1	1	1	1	1	0	3	2	1	1	1	1	1	2	1	1	3	1	2	1	1	1	1	1	3	1	1	2	4	1	1	1	3	1	1	2
390933	1	2	1	1	1	1	1	0	1	1	2	1	1	1	1	1	2	1	1	1	1	1	1	1	1	0	1	1	4	1	1	1	1	1	1	0	1	1	1	1	1	1	2	1	2	2	1	1	1	1	0	2	1	1	0	1	1	1	2	1	1	2	1	2	1	1	0	1	1	1	0	2	1	1	1	1	1	1	1	0	1
391107	1	2	1	0	1	1	1	0	1	1	2	1	1	1	1	1	2	0	0	1	1	1	0	1	1	0	1	1	4	1	1	1	1	1	1	0	0	1	1	1	1	1	2	1	2	2	1	1	1	1	0	2	1	1	0	1	1	1	2	1	1	2	1	2	1	1	1	1	1	1	0	2	1	1	1	1	1	1	1	1	1
391054	1	3	0	1	2	1	1	0	1	1	3	1	1	1	1	1	2	1	1	1	1	1	1	1	2	0	1	1	5	1	1	1	1	1	1	0	1	1	1	1	1	1	2	1	3	1	1	1	1	1	0	1	1	1	0	1	1	1	2	1	1	2	1	1	1	1	1	1	1	1	1	2	1	1	1	1	1	1	1	1	1
390990	2	3	1	1	2	1	1	0	1	1	2	1	1	1	1	1	2	1	1	1	1	1	1	1	3	0	1	1	5	1	1	1	1	1	1	0	1	1	1	1	0	0	2	1	4	1	1	1	1	1	0	1	1	1	0	1	1	1	2	1	1	2	1	1	1	1	1	1	1	1	1	2	1	1	1	1	1	1	1	1	1
390814	2	3	1	1	3	1	1	0	1	1	3	1	1	1	1	2	1	1	1	2	1	2	1	1	2	0	1	1	5	1	1	1	1	1	1	0	1	1	1	1	1	1	2	1	3	1	1	1	1	1	0	2	1	1	0	1	1	1	2	2	1	2	1	2	1	1	1	1	1	2	1	2	2	1	1	1	1	1	1	1	1
391116	1	3	1	1	2	1	1	0	1	1	3	1	1	1	1	1	2	1	1	1	1	1	1	1	2	0	1	1	5	1	1	1	1	1	1	0	1	1	1	1	1	1	2	1	4	1	1	1	1	1	0	1	1	1	0	1	1	1	2	1	1	2	1	1	1	1	1	1	1	1	1	2	1	2	1	1	1	1	1	1	1
391065	2	3	1	1	2	1	1	0	1	1	3	1	1	1	1	1	1	1	1	1	1	1	1	1	2	0	1	1	5	1	1	1	1	1	1	0	1	1	1	1	1	1	2	1	3	1	1	1	1	1	0	1	1	1	0	1	1	1	2	1	1	2	1	1	1	1	1	1	1	1	1	2	1	2	1	1	1	1	1	1	1
391158	1	3	1	1	2	1	1	0	1	1	2	1	1	1	1	1	2	1	1	1	1	1	1	1	2	0	1	1	6	1	1	1	1	1	2	0	1	1	1	1	1	1	4	1	4	1	1	1	1	1	0	1	1	1	0	1	1	1	2	1	1	2	1	1	1	1	1	1	1	1	1	2	1	2	1	1	1	1	1	1	1
391239	1	3	1	1	2	1	1	0	1	1	2	1	1	1	1	1	2	1	1	1	1	1	1	1	1	0	1	1	5	1	1	1	1	1	1	0	1	1	1	1	1	1	2	1	3	2	1	1	1	1	0	2	1	1	0	1	1	1	2	1	1	2	1	2	1	1	1	1	1	1	1	1	1	3	1	1	1	1	1	1	1
391163	1	3	1	1	2	1	1	0	1	1	2	1	1	1	1	1	2	1	1	1	1	1	1	1	2	0	1	1	5	1	1	1	1	1	1	0	1	1	1	1	1	1	2	1	4	1	1	1	1	1	0	2	1	1	0	1	1	1	2	1	1	2	1	1	1	1	1	1	1	1	1	1	1	1	1	1	1	1	1	1	1
391223	1	1	1	1	2	0	1	2	1	1	3	1	2	1	2	2	1	1	1	1	1	2	1	1	2	0	1	1	7	2	1	1	1	1	1	0	1	1	1	1	1	1	3	1	5	1	1	1	1	1	0	2	2	1	1	1	1	1	2	1	1	2	1	2	1	1	1	1	1	3	1	1	0	2	1	1	1	3	1	1	2
391208	1	1	1	1	2	0	1	2	1	1	3	1	1	1	2	2	1	1	1	1	1	2	1	1	1	0	1	1	6	3	1	1	1	1	1	0	1	1	1	1	1	1	2	1	5	1	1	1	1	1	0	2	1	1	1	1	1	1	2	1	1	1	1	2	1	2	1	1	1	3	1	1	1	2	1	1	1	3	1	1	2
391240	1	3	0	1	2	1	1	1	1	1	3	1	1	1	2	1	2	1	1	1	1	1	1	1	3	0	1	2	5	1	1	1	1	1	1	0	2	1	1	1	1	1	2	1	3	1	1	1	1	1	0	2	1	1	0	1	1	1	2	1	1	2	1	2	1	1	1	1	1	1	1	2	1	2	1	1	1	1	1	1	1
391171	1	3	1	1	2	1	1	0	1	1	2	1	1	1	1	1	2	1	1	1	1	1	1	1	2	0	1	1	5	1	1	1	1	1	1	0	1	1	1	1	1	1	2	1	3	1	1	1	1	1	0	2	1	1	0	2	1	1	2	1	1	2	1	2	1	1	1	1	1	1	1	2	1	1	1	1	1	1	1	1	1
391215	2	3	1	1	2	1	1	0	1	1	2	1	1	1	1	1	2	1	1	1	1	1	1	1	1	0	1	1	5	1	1	1	1	1	1	0	1	1	1	1	1	1	2	1	3	2	1	1	1	1	0	2	1	1	0	2	1	1	2	1	1	2	1	2	1	1	1	1	1	1	1	2	1	1	1	1	1	1	1	1	1
391209	2	2	1	2	2	1	1	2	2	1	3	1	2	1	1	2	1	1	1	1	1	2	1	1	2	0	1	1	8	1	1	1	1	1	1	0	1	1	1	1	1	1	2	1	6	2	1	1	1	1	0	2	2	1	1	1	1	1	2	1	1	2	1	2	1	1	1	1	1	2	1	2	1	2	1	1	1	2	1	1	2
391246	1	3	1	1	2	1	1	1	1	1	2	1	1	1	1	2	1	1	1	1	1	2	1	1	1	0	1	1	7	1	1	1	1	1	1	0	1	1	1	1	1	1	2	1	5	2	1	1	1	2	1	2	2	1	1	1	1	1	2	1	1	2	1	2	1	1	1	1	1	3	1	2	1	2	1	1	2	2	1	1	1
391202	1	3	1	1	2	1	1	1	1	1	2	1	1	1	1	2	1	1	1	1	1	2	1	1	2	0	1	1	7	1	1	1	1	1	1	0	1	1	1	1	1	1	2	1	5	2	1	1	1	2	1	2	2	1	1	1	1	1	2	1	1	2	1	1	1	1	1	1	1	3	1	2	1	2	1	1	2	2	1	1	1
391232	1	3	1	1	2	1	1	2	1	1	2	1	1	1	1	2	1	1	1	1	1	2	1	1	2	0	1	1	8	1	1	1	1	1	1	0	1	1	1	1	1	1	2	1	5	2	1	1	1	2	1	2	2	1	1	1	1	1	2	1	1	2	1	2	1	1	1	1	1	3	1	2	1	2	1	1	2	2	1	1	1
391237	1	3	1	1	2	1	1	2	1	1	2	1	1	1	1	2	1	1	1	1	1	2	1	1	2	0	1	1	8	1	1	1	1	1	1	0	1	1	1	1	1	1	2	1	5	2	1	1	1	2	1	2	2	1	1	1	1	1	2	1	1	2	1	2	1	1	1	1	1	3	1	2	1	2	1	1	2	2	1	1	1
391166	2	2	1	2	3	0	1	2	1	1	2	1	1	1	1	3	1	1	1	1	1	2	1	1	1	0	1	1	9	1	1	1	1	1	1	0	1	1	1	1	0	1	2	1	7	1	1	1	1	1	0	2	2	1	1	1	1	1	2	1	1	2	1	1	1	1	1	1	1	4	1	1	1	2	1	1	1	2	1	0	2
391155	1	3	1	1	2	1	1	2	1	1	2	1	1	1	1	2	1	1	1	1	1	2	1	1	1	0	1	1	8	1	1	1	1	1	1	0	1	1	1	1	1	1	2	1	5	2	1	1	1	2	1	2	2	1	1	1	1	1	2	1	1	2	1	2	1	1	1	1	1	3	1	2	1	2	1	1	2	2	1	1	1
391162	1	3	1	1	2	1	1	0	1	1	2	1	1	1	1	1	3	1	1	1	1	2	1	1	2	0	1	1	5	1	1	1	1	1	1	0	1	1	1	1	0	0	2	1	4	1	1	1	1	1	0	1	1	1	0	1	1	1	2	1	1	2	1	1	1	1	1	1	1	1	1	2	1	1	1	1	1	1	1	1	1
391221	2	3	1	1	2	1	1	2	1	1	3	1	2	1	1	1	1	1	1	1	1	2	1	1	2	0	1	1	7	1	1	1	1	1	1	0	1	1	1	1	1	1	3	1	5	1	1	1	1	1	0	2	1	1	0	1	1	1	2	1	1	2	1	2	1	1	1	1	1	2	1	2	0	1	1	1	1	2	1	1	1
391165	1	3	1	1	2	1	1	0	1	1	3	1	1	1	1	1	1	1	1	1	1	1	1	1	1	0	1	1	5	1	1	1	1	1	1	0	1	1	1	1	1	1	2	1	3	1	1	1	1	1	0	1	1	1	0	1	1	1	2	1	1	2	1	2	1	1	1	1	1	1	1	2	1	2	1	1	1	1	1	1	1
391190	1	3	1	1	2	1	1	0	1	1	3	1	1	1	1	1	1	1	1	1	1	1	1	1	3	0	1	1	5	1	1	1	1	1	1	0	1	1	1	1	1	1	2	1	4	1	1	1	1	1	0	1	1	1	0	1	1	1	2	1	1	2	1	1	1	1	1	1	1	1	1	2	1	1	1	1	1	1	1	1	1
391254	1	3	1	1	2	1	1	0	1	1	2	1	1	1	1	1	2	1	1	1	1	1	1	1	2	0	1	1	5	1	1	1	1	1	1	0	1	1	1	1	1	1	4	1	3	1	1	1	1	1	0	2	1	1	0	1	1	1	2	1	1	2	1	1	1	1	1	1	1	1	1	1	1	1	1	1	1	1	1	1	1
391228	1	3	1	1	2	1	1	0	1	1	2	1	1	1	1	1	2	1	1	1	1	1	1	1	3	0	1	1	5	1	1	1	1	1	1	0	1	1	1	1	1	1	5	1	3	1	1	1	1	1	0	2	1	1	0	1	1	1	2	1	1	2	1	1	1	1	1	1	1	1	1	2	1	2	1	1	1	1	1	1	1
391189	1	3	1	0	2	1	1	0	1	1	2	1	1	1	1	1	2	1	1	1	1	1	1	1	1	0	1	1	5	1	1	1	1	1	1	0	1	1	1	1	1	1	2	1	3	2	1	1	1	1	0	1	1	1	0	1	1	1	2	1	1	2	1	2	1	1	1	1	1	1	1	2	1	1	1	1	1	1	1	1	1
391173	2	2	1	1	2	1	1	2	1	1	2	1	2	1	2	2	2	1	1	1	1	3	1	1	2	0	1	1	7	2	1	1	1	1	1	0	1	1	1	1	1	1	2	1	5	2	1	1	1	1	0	2	2	1	0	1	1	1	2	1	1	3	1	2	1	1	1	1	1	2	1	2	0	2	1	1	2	2	1	1	2
391244	2	2	1	1	2	2	1	2	1	1	3	1	2	1	3	2	2	1	1	1	1	2	1	1	1	0	1	1	7	2	1	1	1	1	1	0	1	1	1	1	1	1	3	1	6	2	1	1	1	1	0	2	2	1	0	1	1	1	2	1	1	2	1	1	1	1	1	2	1	3	1	2	0	2	1	1	2	2	1	1	2
