RastId	Transcriptional regulator	Short chain dehydrogenase	Hypothetical	L arabonate dehydratase	Fumaryl acetoAcetate hydrolase	Beta glucosidase	Trasncriptional regulator LacI	hypothetical	Glycosyl transferase		Peptide synthetase	NRPS	Alpha ketoglutarate dependent taurine dioxygenase	Dolicol phosphate mannosyl transferase	hypothetical	hypothetical	Two component system	TOTAL
288315	0	0	0	1	0	0	0	0	0	0	0	0	0	0	0	0	2	3
288294	0	0	0	1	0	0	2	0	0	0	0	0	0	0	0	1	0	4
240471	0	0	0	2	0	1	3	0	0	0	0	0	0	0	1	0	0	7
288033	0	3	0	3	0	0	5	0	1	0	14	18	0	0	2	0	8	54
288232	0	3	0	3	0	0	5	0	1	0	13	21	0	0	2	0	7	55
243620	0	2	0	2	0	0	4	0	0	0	7	4	0	0	2	0	7	28
243619	0	1	0	3	0	0	4	0	1	0	15	5	0	0	2	0	4	35
243629	0	2	0	1	0	0	0	0	0	0	0	0	0	0	2	0	0	5
243599	0	0	0	2	0	0	1	0	0	0	0	0	0	0	0	0	1	4
243637	0	0	0	2	0	0	0	0	0	0	0	0	0	0	0	0	0	2
243596	0	0	0	2	0	0	1	0	0	0	0	0	0	0	0	0	0	3
243622	0	0	0	1	0	0	1	0	0	0	0	0	0	0	1	0	2	5
243639	0	1	0	2	0	1	1	0	0	0	0	0	0	0	0	0	0	5
243608	0	3	1	2	0	2	5	0	1	0	4	4	0	0	1	1	14	38
243627	0	2	0	2	0	0	2	0	2	0	23	26	1	0	1	1	5	65
243615	0	0	0	2	0	0	1	0	1	0	22	21	1	0	1	1	16	66
243617	0	2	0	2	0	0	2	0	1	0	16	23	1	0	1	1	7	56
243630	0	4	0	2	0	0	2	0	2	0	27	22	0	0	1	1	7	68
243606	0	1	0	2	0	0	0	0	1	0	12	9	1	0	1	0	9	36
243580	0	2	0	2	0	0	1	0	1	0	8	8	2	0	2	1	11	38
243635	1	8	2	7	0	2	10	0	1	0	16	9	0	0	2	0	26	84
243594	1	8	0	2	0	0	5	0	1	0	20	21	1	0	1	0	28	88
243583	0	4	1	2	0	2	8	0	2	0	9	7	1	0	3	0	24	63
243591	0	0	0	1	0	0	0	0	0	0	0	0	0	0	0	0	0	1
288016	0	0	0	1	0	0	0	0	0	0	0	0	0	0	0	0	0	1
243602	0	0	0	1	0	0	3	0	0	0	0	0	0	0	1	0	1	6
243628	0	0	0	1	0	0	1	0	0	0	0	0	0	0	0	0	0	2
243581	0	0	0	1	0	0	1	0	0	0	0	0	0	0	0	0	0	2
243610	0	0	0	1	0	0	1	0	0	0	0	0	0	0	0	0	0	2
243590	0	1	0	1	0	0	2	0	1	0	4	0	0	0	1	0	1	11
243605	0	0	0	1	0	0	0	0	0	0	0	0	0	0	1	0	0	2
243600	0	0	0	1	0	0	0	0	0	0	0	0	0	0	1	0	0	2
243625	0	0	0	1	0	0	4	0	0	0	4	5	0	0	1	0	0	15
243589	0	0	0	1	0	0	2	0	0	0	2	0	0	0	0	0	1	6
243631	0	0	0	1	0	0	3	0	0	0	0	0	0	0	0	0	1	5
243598	0	0	0	1	0	0	4	0	0	0	1	0	0	0	0	0	1	7
243579	0	0	0	1	0	0	4	0	0	0	1	0	0	0	0	0	1	7
243640	0	0	0	1	0	0	0	0	0	0	0	0	0	0	0	0	0	1
243585	0	0	0	1	0	0	2	0	0	0	0	0	0	0	0	0	0	3
243626	0	0	0	1	0	0	0	0	0	0	0	0	0	0	1	0	0	2
243613	0	0	0	1	0	0	0	0	0	0	0	0	0	0	1	0	0	2
243597	0	0	0	1	0	0	1	0	0	0	0	0	0	0	0	0	0	2
243592	0	0	0	1	0	0	0	0	0	0	0	0	0	0	0	0	0	1
243612	0	0	0	1	0	0	1	0	0	0	0	0	0	0	0	0	0	2
287999	0	0	0	1	0	0	2	0	0	0	0	4	0	0	0	0	0	7
243607	0	0	0	1	0	0	0	0	0	0	0	0	0	0	0	0	0	1
243616	0	0	0	1	0	0	0	0	0	0	0	0	0	0	0	0	0	1
243584	0	0	0	1	0	0	0	0	0	0	0	0	0	0	0	0	0	1
243587	0	0	0	1	0	0	0	0	0	0	0	0	0	0	0	0	0	1
243586	0	1	0	1	0	1	4	0	0	0	0	0	0	0	0	0	0	7
243614	0	0	0	1	0	0	1	0	0	0	1	0	0	0	0	0	3	6
243632	0	0	0	1	0	0	1	0	0	0	2	0	0	0	0	0	0	4
243618	0	0	0	1	0	0	0	0	0	0	0	0	0	0	0	0	0	1
243603	0	0	0	1	0	0	2	0	0	0	0	0	0	0	0	0	0	3
243621	0	0	0	1	0	0	1	0	0	0	0	0	0	0	0	0	0	2
243623	0	0	0	1	0	0	0	0	0	0	0	0	0	0	0	0	0	1
243624	0	0	0	1	0	0	0	0	0	0	0	0	0	0	0	0	0	1
243636	0	0	0	1	0	0	3	0	0	0	3	2	0	0	1	0	0	10
243604	0	0	0	1	0	1	2	0	0	0	0	0	0	0	1	0	2	7
287991	0	0	0	1	0	0	1	0	0	0	0	0	0	0	1	0	1	4
288230	0	0	0	1	0	0	2	0	0	0	0	0	0	0	0	0	2	5
243609	0	0	0	1	0	0	0	0	0	0	0	0	0	0	0	0	0	1
288030	0	0	0	1	0	0	0	0	0	0	0	0	0	0	0	0	0	1
243578	0	0	0	1	0	0	1	0	0	0	0	0	0	0	0	0	0	2
243634	0	0	0	1	0	0	0	0	0	0	0	0	0	0	0	0	0	1
243601	0	0	0	1	0	1	2	0	0	0	0	0	0	0	0	0	0	4
243593	0	0	0	1	0	1	2	0	0	0	0	3	0	0	1	0	1	9
243633	0	0	0	1	0	0	0	0	0	0	0	0	0	0	0	0	0	1
243588	0	0	0	2	0	0	6	0	0	0	0	0	0	0	1	0	0	9
243611	0	0	0	2	0	0	5	0	0	0	0	0	0	0	1	0	0	8
288270	0	1	0	1	0	2	3	0	0	0	0	0	0	0	0	0	0	7
243582	0	0	0	1	0	0	1	0	0	0	0	0	0	0	0	0	1	3
243595	0	2	0	2	0	0	1	0	0	0	3	0	1	0	1	0	0	10
243638	0	10	0	2	0	2	14	0	0	0	12	8	1	0	1	1	30	81
240108	0	8	0	2	0	7	18	0	1	0	3	2	0	0	1	1	25	68
240105	0	4	0	2	0	3	12	0	0	0	6	4	1	0	1	0	24	57
240110	1	3	0	2	0	5	13	0	4	0	10	7	1	0	1	1	16	64
240106	0	13	0	2	0	4	14	0	0	0	14	27	2	0	2	1	11	90
241370	0	3	2	1	0	3	11	0	1	0	13	13	1	0	1	1	13	63
287998	0	6	1	2	0	5	16	0	5	0	9	5	2	0	1	1	27	80
262812	0	4	0	1	0	2	10	0	1	0	16	11	1	0	1	1	21	69
241352	0	5	2	5	0	0	13	0	0	0	1	0	1	0	1	0	18	46
241354	0	2	0	3	0	1	4	0	0	0	8	3	0	0	0	0	3	24
288226	0	3	0	2	0	3	4	0	0	0	0	1	0	0	0	0	4	17
241371	0	0	0	2	0	1	1	0	0	0	0	0	0	0	0	0	2	6
262813	0	2	0	3	0	1	1	0	0	0	3	0	0	0	0	0	4	14
241360	0	6	2	3	1	2	11	0	0	0	5	4	2	0	1	0	19	56
241362	0	3	0	2	0	4	13	1	1	0	25	28	2	0	1	0	16	96
287952	0	0	0	2	0	0	0	0	0	0	0	0	0	0	0	0	0	2
241343	0	1	0	1	0	0	0	0	0	0	1	0	0	0	0	0	1	4
241335	0	2	0	1	0	0	0	0	0	0	0	0	0	0	0	0	2	5
287961	0	1	0	1	0	1	1	0	0	0	0	0	1	0	0	0	1	6
241358	0	0	0	1	0	1	1	0	0	0	0	0	0	0	0	0	3	6
241344	0	1	0	1	0	1	8	0	0	0	0	0	0	0	0	0	6	17
241868	0	1	0	1	0	0	0	0	0	0	0	0	0	0	0	0	1	3
241359	0	0	0	1	0	0	0	0	0	0	0	0	0	0	1	0	2	4
288000	0	0	0	1	0	1	9	0	0	0	0	0	0	0	0	0	5	16
241338	0	2	1	1	0	1	7	0	0	0	0	0	0	0	0	0	7	19
288010	0	1	0	2	0	0	3	0	0	0	28	15	0	0	1	1	5	56
241350	0	6	0	2	0	1	11	0	8	0	22	22	0	0	0	0	10	82
288258	0	0	0	1	0	1	1	0	0	0	0	0	0	0	0	0	0	3
241341	1	5	1	4	0	0	3	0	4	0	36	30	2	0	1	1	19	107
241355	0	3	1	4	0	0	4	0	7	0	25	19	2	0	1	1	21	88
241337	0	5	2	6	0	7	13	1	6	0	35	26	3	0	1	1	17	123
241367	0	8	2	4	0	1	7	1	1	0	16	15	2	0	1	1	13	72
288262	1	2	0	4	0	0	4	0	6	0	22	16	1	0	1	1	15	73
241357	0	0	0	3	0	0	1	0	0	0	8	3	0	0	1	1	2	19
241353	0	4	1	4	0	0	6	0	7	0	21	17	2	0	1	1	20	84
288234	0	9	1	7	0	0	5	1	2	0	12	10	3	0	1	1	12	64
287963	0	6	0	4	0	1	5	0	6	0	20	12	2	0	1	1	16	74
241361	0	5	3	5	0	3	16	1	2	0	30	17	3	0	1	1	17	104
288274	1	4	1	6	0	0	6	0	1	0	4	2	1	0	1	1	5	33
241871	0	5	1	4	0	0	10	0	2	0	12	6	0	0	1	1	20	62
241373	0	4	0	4	0	0	6	0	5	0	25	22	2	0	1	1	19	89
241333	0	7	3	5	0	1	13	1	3	0	12	17	3	0	1	1	14	81
241347	0	9	2	7	1	1	7	0	1	0	5	2	1	0	1	1	14	52
241869	0	4	0	4	0	0	5	0	7	0	20	16	2	0	1	1	19	79
241334	0	5	1	5	0	2	5	0	3	0	9	2	0	0	1	1	18	52
241366	0	8	2	7	1	1	6	0	2	0	4	2	1	0	1	1	11	47
288246	0	5	1	5	0	4	10	1	2	0	15	13	5	0	1	1	12	75
288045	0	6	1	5	0	4	12	1	3	0	26	31	5	0	1	1	13	109
241345	0	0	0	3	0	0	1	0	0	0	7	5	0	0	1	0	3	20
241365	0	0	0	1	0	3	5	0	0	0	0	0	0	0	0	0	0	9
241368	0	0	0	0	0	0	0	0	0	0	0	0	0	0	1	0	1	2
241348	0	0	0	0	0	0	2	0	0	0	0	0	0	0	1	0	1	4
241376	0	1	1	1	0	1	3	0	0	0	1	0	0	0	0	0	5	13
241369	0	0	1	1	0	0	1	0	1	0	2	0	0	0	0	0	2	8
288287	0	1	0	2	0	0	0	0	0	0	0	0	0	0	0	0	1	4
241374	0	1	1	1	0	1	2	0	0	0	3	0	0	0	0	0	2	11
241870	0	3	1	2	0	1	8	0	0	0	0	0	2	0	0	0	2	19
241364	0	1	0	1	0	1	5	0	0	0	0	0	0	0	0	0	4	12
241867	0	1	2	3	0	0	8	0	0	0	1	1	1	0	0	0	1	18
241349	0	0	1	3	0	0	0	0	1	0	0	0	0	0	0	0	4	9
241377	0	0	2	2	1	0	5	0	0	0	0	0	0	0	0	0	2	12
241339	0	0	1	2	1	2	5	0	0	0	0	0	1	0	0	0	1	13
241351	0	2	0	1	0	0	2	0	0	0	0	0	0	0	0	0	2	7
241372	0	0	1	2	0	0	7	0	0	0	0	0	1	0	0	0	0	11
241356	0	0	1	1	2	0	5	0	0	0	1	1	1	0	0	0	1	13
241346	0	1	1	2	0	0	1	0	0	0	1	0	1	0	0	0	3	10
288251	0	3	1	3	0	1	8	0	1	0	0	0	1	0	0	0	3	21
241363	0	1	1	2	0	2	8	0	0	0	0	0	0	0	0	0	3	17
288180	0	0	1	2	1	1	9	0	0	0	0	0	1	0	0	0	3	18
287975	0	1	1	1	0	1	5	0	0	0	0	0	0	0	0	0	3	12
288034	0	0	0	0	0	0	0	0	0	0	0	0	0	0	0	0	0	0
240111	0	0	0	0	0	0	0	0	0	0	0	0	0	0	0	0	0	0
240100	0	0	0	0	0	0	0	0	0	0	0	0	0	0	0	0	0	0
287960	0	0	0	0	0	0	0	0	0	0	0	0	0	0	0	0	0	0
238490	0	0	0	0	0	0	0	0	0	0	0	0	0	0	0	0	0	0
238526	0	0	0	0	0	0	0	0	0	0	1	0	0	0	0	0	0	1
238520	0	1	0	1	0	1	2	0	0	0	3	1	0	0	0	0	4	13
287966	0	2	1	4	0	3	9	0	0	0	0	0	0	0	0	0	8	27
287958	0	0	0	0	0	1	2	0	0	0	0	0	0	0	0	0	0	3
238537	0	0	0	1	0	1	1	0	0	0	0	0	0	0	0	0	1	4
288001	0	0	0	1	0	1	1	0	0	0	0	0	0	0	0	0	1	4
238492	0	0	0	1	0	1	1	0	0	0	0	0	0	0	0	0	1	4
238513	0	0	0	1	0	1	1	0	0	0	0	0	0	0	0	0	1	4
238489	0	0	0	1	0	1	1	0	0	0	0	0	0	0	0	0	1	4
288275	0	0	0	1	0	1	1	0	0	0	0	0	0	0	0	0	1	4
288239	0	0	0	1	0	1	1	0	0	0	0	0	0	0	0	0	1	4
239862	0	1	0	1	0	1	2	0	0	0	0	0	0	0	0	0	0	5
288028	0	1	0	1	0	1	2	0	0	0	0	0	0	0	0	0	0	5
238503	0	0	1	1	0	1	0	0	0	0	0	0	0	0	0	0	0	3
238496	0	0	0	1	0	0	1	0	0	0	0	0	0	0	0	0	1	3
238538	0	0	0	1	0	0	1	0	0	0	0	0	0	0	0	0	1	3
239859	0	1	0	0	0	0	0	0	0	0	0	0	0	0	0	0	0	1
238500	0	0	0	1	0	0	0	0	0	0	0	0	0	0	0	0	1	2
288011	0	0	0	1	0	1	0	0	0	0	0	0	0	0	0	0	1	3
238534	0	0	0	1	0	1	1	0	0	0	0	0	0	0	0	0	1	4
287984	0	0	0	1	0	2	2	0	0	0	0	0	0	0	0	0	1	6
239860	0	0	0	1	0	1	2	0	0	0	0	0	0	0	0	0	1	5
238522	0	0	0	1	0	1	2	0	0	0	0	0	0	0	0	0	1	5
287994	0	0	0	1	0	0	1	0	0	0	0	0	0	0	0	0	1	3
238508	0	0	0	1	0	1	1	0	0	0	0	0	0	0	0	0	0	3
238524	0	0	0	1	0	1	1	0	0	0	0	0	0	0	0	0	0	3
288193	0	0	0	1	0	2	0	0	0	0	0	0	0	0	0	0	1	4
288023	0	0	0	1	0	1	1	0	0	0	0	0	0	0	0	0	0	3
287959	0	1	0	1	0	1	2	0	0	0	0	0	0	0	0	0	1	6
238535	0	1	0	1	0	1	2	0	0	0	0	0	0	0	0	0	1	6
238509	0	0	0	1	0	0	1	0	0	0	0	0	0	0	0	0	0	2
287978	0	0	0	1	0	1	1	0	0	0	0	0	0	0	0	0	1	4
238499	0	0	0	1	0	1	0	0	0	0	0	0	0	0	0	0	0	2
262816	0	0	0	1	0	1	4	0	0	0	0	0	0	0	0	0	1	7
287971	0	0	0	1	0	1	1	0	0	0	0	0	0	0	0	0	1	4
238497	0	0	0	1	0	1	0	0	0	0	0	0	0	0	0	0	1	3
288022	0	0	0	1	0	1	2	0	0	0	0	0	0	0	0	0	1	5
288263	0	0	0	1	0	0	1	0	0	0	0	0	0	0	0	0	0	2
287957	0	0	0	1	0	1	1	0	0	0	0	0	0	0	0	0	1	4
238518	0	0	1	1	0	0	1	0	0	0	0	0	0	0	0	0	1	4
288040	0	0	0	1	0	1	0	0	0	0	0	0	0	0	0	0	0	2
262818	0	1	0	1	0	1	2	0	0	0	0	0	0	0	0	0	1	6
288018	0	0	0	1	0	1	3	0	0	0	0	0	0	0	0	0	1	6
288244	0	0	0	1	0	1	4	0	0	0	0	0	0	0	0	0	1	7
238521	0	0	0	1	0	1	1	0	0	0	0	0	0	0	0	0	1	4
238506	0	0	0	1	0	1	1	0	0	0	0	0	0	0	0	0	1	4
288147	0	0	0	1	0	1	1	0	0	0	0	0	0	0	0	0	1	4
288027	0	0	0	1	0	1	2	0	0	0	0	0	0	0	0	0	1	5
238517	0	1	0	1	0	1	0	0	0	0	0	0	0	0	0	0	1	4
238525	0	0	0	1	0	1	1	0	0	0	0	0	0	0	0	0	1	4
238531	0	0	1	1	0	1	6	0	0	0	0	0	0	0	0	0	1	10
238494	0	0	0	1	0	2	3	0	0	0	0	0	0	0	0	0	1	7
287970	0	0	0	1	0	2	3	0	0	0	0	0	0	0	0	0	0	6
238514	0	0	0	1	0	1	1	0	0	0	0	0	0	0	0	0	1	4
238487	0	0	0	1	0	1	0	0	0	0	0	0	0	0	0	0	0	2
238501	0	0	0	1	0	1	2	0	0	0	0	0	0	0	0	0	0	4
238533	0	1	0	1	0	1	1	0	0	0	0	0	0	0	0	0	1	5
238507	0	1	0	1	0	1	2	0	0	0	0	0	0	0	0	0	1	6
288228	0	0	0	1	0	0	1	0	0	0	0	0	0	0	0	0	0	2
238495	0	0	0	1	0	1	1	0	0	0	0	0	0	0	0	0	1	4
288300	0	1	0	1	0	1	0	0	0	0	0	0	0	0	0	0	1	4
287964	0	0	0	1	0	0	0	0	0	0	0	0	0	0	0	0	0	1
287962	0	0	0	1	0	1	0	0	0	0	0	0	0	0	0	0	1	3
288017	0	0	0	1	0	1	0	0	0	0	0	0	0	0	0	0	1	3
239863	0	0	1	1	0	2	2	0	0	0	0	0	0	0	0	0	0	6
239877	0	3	0	1	0	0	0	0	0	0	0	0	0	0	1	0	2	7
239871	0	3	0	1	0	1	0	0	0	0	0	0	1	0	1	0	6	13
238529	0	0	0	2	0	1	2	0	0	0	0	0	0	0	0	0	2	7
239874	0	0	0	1	0	0	0	0	0	0	0	0	0	0	0	0	3	4
239865	0	1	0	2	0	1	1	0	0	0	1	0	0	0	0	0	2	8
239867	0	1	1	2	0	1	4	0	0	0	1	0	0	0	0	0	4	14
238502	0	0	0	1	0	0	1	0	0	0	1	1	0	0	0	0	2	6
239869	0	0	0	3	1	0	0	0	0	0	1	0	0	0	0	0	3	8
239873	0	2	0	1	1	0	0	0	0	0	1	0	0	0	0	0	1	6
239876	0	1	0	1	0	0	0	0	0	0	1	0	0	0	1	0	0	4
239857	0	1	0	1	0	0	0	0	0	0	0	0	0	0	0	0	4	6
239861	0	1	0	2	1	0	0	0	0	0	1	0	0	0	0	0	1	6
239872	0	2	0	1	0	0	0	0	0	0	1	0	0	0	0	0	2	6
239870	0	0	0	2	1	0	0	0	0	0	0	0	0	0	0	0	3	6
239866	0	2	0	1	0	0	0	0	0	0	0	0	0	0	0	0	3	6
238512	0	3	0	1	1	2	13	0	0	0	0	0	0	0	0	0	0	20
239868	0	0	0	1	0	0	0	0	0	0	0	0	0	0	0	0	0	1
239875	0	0	0	1	0	0	0	0	0	0	0	0	0	0	0	0	0	1
238536	0	3	0	1	0	0	0	0	0	0	0	0	0	0	1	0	5	10
238527	0	0	0	1	0	0	1	0	0	0	0	0	0	0	0	0	0	2
288252	0	0	0	1	0	0	1	0	0	0	0	0	0	0	0	0	0	2
287967	0	5	0	1	0	2	12	0	1	0	11	6	0	0	2	1	21	62
238532	0	6	2	2	0	6	19	0	1	0	15	10	2	0	1	0	21	85
238511	0	2	1	2	0	2	16	0	1	0	9	7	2	0	1	1	23	67
238528	0	1	0	1	0	2	5	0	0	0	1	0	0	0	0	0	7	17
288240	0	1	0	2	0	6	10	0	0	0	0	0	0	0	0	0	4	23
238523	0	1	0	2	0	3	8	0	0	0	0	0	0	0	0	0	6	20
262843	0	1	0	2	0	4	9	0	0	0	0	0	0	0	0	0	2	18
288191	0	0	0	2	0	4	10	0	0	0	1	0	0	0	1	0	1	19
288284	0	1	0	3	1	3	14	0	0	0	1	0	0	0	0	0	7	30
288299	0	1	0	2	0	4	7	0	0	0	0	0	0	0	0	0	5	19
238515	1	1	0	1	0	3	5	0	0	0	0	0	0	0	0	0	10	21
288264	0	2	0	2	0	1	8	0	0	0	0	0	0	0	0	0	6	19
238493	0	1	0	2	0	3	8	0	0	0	0	0	0	0	1	0	3	18
238510	0	1	0	1	0	2	4	0	1	0	0	0	0	0	0	0	0	9
238505	0	1	0	1	0	3	4	0	1	0	0	0	0	0	1	0	0	11
238491	0	4	0	2	0	1	0	0	0	0	5	0	0	0	1	0	2	15
239936	0	0	0	0	0	1	4	0	0	0	1	0	0	0	0	0	6	12
239940	0	0	0	1	0	3	6	0	0	0	1	0	0	0	0	0	4	15
239897	0	0	0	1	0	3	5	0	0	0	1	0	0	0	0	0	6	16
239972	0	0	0	1	0	3	7	0	0	0	1	0	0	0	0	0	5	17
239963	0	0	0	1	0	3	5	0	0	0	1	0	0	0	0	0	5	15
262853	0	0	0	1	0	3	7	0	0	0	0	0	0	0	0	0	5	16
239976	0	0	0	0	0	1	3	0	0	0	1	0	0	0	0	0	6	11
239928	0	0	0	1	0	3	6	0	0	0	1	0	0	0	0	0	6	17
239901	0	0	0	0	0	1	3	0	0	0	2	0	0	0	0	0	4	10
239925	0	1	0	1	0	2	6	0	0	0	0	0	0	0	0	0	6	16
239951	0	1	0	1	0	2	6	0	0	0	0	0	0	0	0	0	6	16
239929	0	1	0	1	0	0	0	0	0	0	0	0	0	0	0	0	0	2
239992	0	0	0	0	0	1	0	0	0	0	0	0	0	0	0	0	0	1
239954	0	0	0	0	0	0	0	0	0	0	0	0	0	0	0	0	0	0
239909	0	3	0	2	0	0	0	0	0	0	0	0	0	0	0	0	0	5
239990	0	5	0	3	0	1	4	0	0	0	2	1	0	0	0	0	10	26
239941	0	0	0	1	0	0	0	0	0	0	1	0	0	0	0	0	0	2
239900	0	0	0	0	0	1	1	0	0	0	1	0	0	0	0	0	0	3
239947	0	0	0	1	0	0	0	0	0	0	1	0	0	0	1	0	0	3
239948	0	0	0	1	0	0	0	0	0	0	0	0	0	0	1	0	1	3
288042	0	0	0	1	0	0	1	0	0	0	0	0	0	0	1	0	0	3
239921	0	0	0	1	0	0	0	0	0	0	2	0	0	0	1	0	0	4
239920	0	0	0	1	0	0	0	0	0	0	1	0	0	0	1	0	0	3
288009	0	0	0	2	0	0	0	0	0	0	0	0	0	0	1	0	0	3
288399	0	0	0	1	0	0	0	0	0	0	1	0	0	0	1	0	0	3
239958	0	0	0	1	0	0	0	0	0	0	1	0	0	0	1	0	0	3
288273	0	0	0	1	0	0	0	0	0	0	1	0	0	0	1	0	1	4
288265	0	0	0	1	0	0	0	0	0	0	2	0	0	0	1	0	1	5
239977	0	0	0	2	0	0	0	0	0	0	1	0	0	0	1	0	0	4
239914	0	0	0	2	0	0	0	0	0	0	1	0	0	0	1	0	0	4
239989	0	0	0	1	0	0	0	0	0	0	0	0	0	0	1	0	0	2
239913	0	0	0	1	0	0	0	0	0	0	0	0	0	0	1	0	0	2
262858	0	0	0	1	0	0	0	0	0	0	1	0	0	0	1	0	0	3
239915	0	0	0	1	0	0	0	0	0	0	1	0	0	0	1	0	0	3
288216	0	0	0	1	0	0	1	0	0	0	0	0	0	0	1	0	0	3
239956	0	0	0	1	0	0	0	0	0	0	2	0	0	0	1	0	0	4
288177	0	0	0	1	0	0	0	0	0	0	1	0	0	0	1	0	0	3
239973	0	0	0	1	0	0	1	0	0	0	1	0	0	0	1	0	0	4
239944	0	0	0	1	0	0	0	0	0	0	1	0	0	0	1	0	0	3
288005	0	0	0	1	0	0	0	0	0	0	1	0	0	0	1	0	1	4
288020	0	0	0	1	0	0	0	0	0	0	1	0	0	0	1	0	1	4
239988	0	0	0	1	0	0	0	0	0	0	0	0	0	0	1	0	1	3
239994	0	0	0	2	0	0	0	0	0	0	0	0	0	0	1	0	0	3
239987	0	0	0	2	0	0	0	0	0	0	0	0	0	0	1	0	0	3
239969	0	0	0	1	0	0	0	0	0	0	4	1	0	0	1	0	0	7
239950	0	1	0	2	0	0	0	0	0	0	1	0	0	0	1	0	0	5
239919	0	1	0	2	0	0	0	0	0	0	1	0	0	0	1	0	0	5
262860	0	0	0	1	0	0	0	0	0	0	1	0	0	0	1	0	1	4
288213	0	0	0	1	0	0	0	0	0	0	1	0	0	0	1	0	1	4
288024	0	0	0	1	0	0	3	0	0	0	0	0	0	0	1	0	0	5
239974	0	0	0	1	0	0	0	0	0	0	4	0	0	0	1	0	1	7
288314	0	0	0	1	0	0	0	0	0	0	1	0	0	0	1	0	1	4
239970	0	0	0	1	0	0	0	0	0	0	0	0	0	0	1	0	0	2
287980	0	0	0	1	0	0	0	0	0	0	1	0	0	0	1	0	0	3
239926	0	1	0	2	0	0	0	0	0	0	2	0	1	0	1	1	4	12
239891	0	0	0	2	0	0	0	0	0	0	1	0	0	0	1	0	0	4
287997	0	0	0	2	0	0	0	0	0	0	1	0	0	0	1	0	0	4
239910	0	0	0	1	0	0	0	0	0	0	1	0	0	0	1	0	0	3
287990	0	0	0	1	0	0	0	0	0	0	0	0	0	0	1	0	1	3
288237	0	0	0	1	0	0	0	0	0	0	2	0	0	0	1	0	1	5
239918	0	1	0	1	0	0	0	0	0	0	4	0	0	0	1	0	1	8
288137	0	0	0	1	0	0	0	0	0	0	1	0	0	0	1	0	0	3
239964	0	0	0	1	0	0	0	0	0	0	0	0	0	0	1	0	0	2
239905	0	0	0	1	0	0	0	0	0	0	2	0	0	0	1	0	0	4
288241	0	0	0	1	0	0	0	0	0	0	0	0	0	0	1	0	0	2
239894	0	1	0	2	0	0	0	0	0	0	0	0	0	0	1	0	1	5
239927	0	0	0	2	0	0	0	0	0	0	1	0	0	0	1	0	0	4
239960	0	0	0	2	0	0	0	0	0	0	0	0	0	0	1	0	0	3
239934	0	0	0	0	0	0	0	0	0	0	1	0	0	0	1	0	0	2
288181	0	0	0	1	0	0	0	0	0	0	1	0	0	0	1	0	0	3
239966	0	0	0	1	0	0	0	0	0	0	3	0	0	0	1	0	2	7
239899	0	0	0	1	0	0	0	0	0	0	1	0	0	0	1	0	1	4
239981	0	0	0	1	0	0	0	0	0	0	1	0	0	0	1	0	1	4
287968	0	2	0	1	0	0	1	0	0	0	0	0	0	0	1	0	1	6
239932	0	0	0	1	0	0	0	0	0	0	1	0	0	0	1	0	0	3
262862	0	0	0	1	0	0	0	0	0	0	1	0	0	0	1	0	1	4
239939	0	0	0	1	0	0	0	0	0	0	1	0	0	0	1	0	1	4
239907	0	0	0	1	0	0	0	0	0	0	2	0	0	0	1	0	2	6
239979	0	0	0	1	0	0	0	0	0	0	1	0	0	0	1	0	1	4
239952	0	0	0	1	0	0	0	0	0	0	0	0	0	0	1	0	0	2
239923	0	0	0	1	0	0	0	0	0	0	1	0	0	0	1	0	1	4
239902	0	0	0	1	0	0	0	0	0	0	0	0	0	0	1	0	0	2
239908	0	0	0	1	0	0	0	0	0	0	3	0	0	0	1	0	0	5
239943	0	0	0	1	0	0	0	0	0	0	2	0	0	0	1	0	0	4
239931	0	0	0	1	0	0	0	0	0	0	0	0	0	0	1	0	0	2
239896	0	0	0	1	0	0	0	0	0	0	2	0	0	0	1	0	0	4
239916	0	0	0	1	0	0	0	0	0	0	0	0	0	0	0	0	0	1
239884	0	0	0	1	0	0	0	0	0	0	0	0	0	0	1	0	1	3
239924	0	0	0	1	0	0	0	0	0	0	0	0	0	0	1	0	1	3
239890	0	0	0	1	0	0	0	0	0	0	0	0	0	0	1	0	1	3
239993	0	0	0	1	0	0	0	0	0	0	0	0	0	0	1	0	1	3
239968	0	0	0	1	0	0	0	0	0	0	0	0	0	0	1	0	1	3
239893	0	0	0	1	0	0	0	0	0	0	0	0	0	0	1	0	1	3
239937	0	0	0	1	0	0	0	0	0	0	0	0	0	0	1	0	1	3
288269	0	0	0	1	0	0	0	0	0	0	0	0	0	0	1	0	1	3
239946	0	0	0	1	0	0	0	0	0	0	0	0	0	0	1	0	1	3
239886	0	0	0	1	0	0	0	0	0	0	0	0	0	0	1	0	1	3
215575	0	0	0	1	0	0	0	0	0	0	3	0	0	0	1	0	1	6
239980	0	0	0	1	0	0	0	0	0	0	1	1	0	0	1	0	1	5
262866	0	0	0	1	0	0	0	0	0	0	1	1	0	0	1	0	1	5
239985	0	0	0	1	0	0	0	0	0	0	3	0	0	0	1	0	1	6
239885	0	0	0	1	0	0	0	0	0	0	3	0	0	0	1	0	1	6
239984	0	0	0	1	0	0	0	0	0	0	3	0	0	0	1	0	1	6
239892	0	1	0	1	0	0	0	0	0	0	1	0	0	0	1	0	2	6
239953	0	0	0	1	0	0	0	0	0	0	1	0	0	0	1	0	1	4
239888	0	3	0	1	0	0	0	0	0	0	2	0	1	0	1	0	0	8
262867	0	0	0	1	0	0	0	0	0	0	1	0	0	0	1	0	0	3
239961	0	0	0	1	0	0	0	0	0	0	0	0	0	0	1	0	1	3
239889	0	0	0	1	0	0	0	0	0	0	0	0	0	0	1	0	1	3
262868	0	0	0	1	0	0	0	0	0	0	1	0	0	0	1	0	0	3
239906	0	0	0	1	0	0	0	0	0	0	1	0	0	0	1	0	1	4
239955	0	0	0	1	0	0	0	0	0	0	1	0	0	0	1	0	1	4
239912	0	0	0	1	0	0	0	0	0	0	1	0	0	0	1	0	1	4
288305	0	0	0	1	0	0	0	0	0	0	0	0	0	0	1	0	1	3
218032	0	0	0	1	0	0	0	0	0	0	0	0	0	0	1	0	0	2
218079	0	2	0	1	0	0	0	0	0	0	5	0	1	0	1	0	2	12
218029	0	0	1	1	0	1	2	0	1	0	0	0	0	0	0	0	5	11
262869	0	0	0	1	0	0	1	0	0	0	2	0	0	0	1	0	0	5
218022	0	0	0	1	0	0	0	0	0	0	1	0	0	0	1	0	0	3
218031	0	0	2	0	0	0	2	0	0	0	0	0	0	0	0	0	3	7
218020	0	1	1	1	0	1	15	0	0	0	1	0	0	0	0	0	3	23
218034	0	1	0	1	0	0	0	0	0	0	0	0	0	0	0	0	1	3
218026	0	10	1	2	1	0	9	0	1	0	5	11	2	0	2	0	30	74
262870	0	4	1	3	0	2	24	0	0	0	23	20	0	0	1	0	27	105
218074	0	0	0	1	0	0	0	0	0	0	0	0	0	0	0	0	0	1
287972	0	1	0	1	0	0	0	0	0	0	0	0	0	0	0	0	0	2
218030	0	0	1	2	0	0	2	0	0	0	2	1	0	0	0	0	3	11
218072	0	0	0	1	0	0	0	0	0	0	0	0	0	0	0	0	1	2
218087	0	0	0	1	0	0	0	0	0	0	0	0	0	0	0	0	1	2
288225	0	1	0	1	0	0	1	0	0	0	0	0	1	0	0	0	1	5
218066	0	1	0	1	0	0	1	0	0	0	0	0	1	0	0	0	0	4
218041	0	1	0	0	0	0	0	0	0	0	3	0	0	0	0	0	3	7
218076	0	0	0	1	0	0	0	0	0	0	0	0	1	0	1	0	0	3
218061	0	2	0	2	0	0	0	0	0	0	1	0	1	0	1	0	1	8
218060	0	3	0	2	0	0	0	0	0	0	1	0	0	0	1	0	0	7
218027	0	0	0	1	0	0	0	0	0	0	0	0	0	0	0	0	1	2
218047	0	1	0	1	0	0	0	0	0	0	1	0	0	0	0	0	0	3
218070	0	0	0	1	0	0	0	0	0	0	0	0	0	0	0	0	1	2
218083	0	0	0	1	0	0	0	0	0	0	0	0	0	0	0	0	1	2
218078	0	4	0	1	0	0	0	0	0	0	12	8	4	0	2	0	2	33
218023	0	1	0	1	0	0	0	0	0	0	3	0	1	0	2	0	0	8
218049	0	5	0	1	0	2	2	0	0	0	2	5	5	0	2	0	7	31
218045	0	2	0	1	0	3	2	0	0	0	4	6	1	0	1	0	2	22
218052	0	1	0	1	0	0	0	0	0	0	8	1	1	0	2	0	0	14
218028	0	1	0	1	0	0	0	0	0	0	5	1	1	0	2	0	0	11
288260	0	1	0	1	0	0	0	0	0	0	4	0	1	0	2	0	0	9
220835	0	7	0	1	0	3	1	0	0	0	9	1	8	0	3	0	12	45
288029	0	4	0	3	0	5	3	0	1	0	5	8	4	0	2	0	13	48
220847	0	4	0	1	0	2	1	0	0	0	0	0	0	0	2	0	2	12
288243	0	3	0	1	0	0	0	0	0	0	6	4	4	0	2	0	2	22
220891	0	1	0	1	0	0	0	0	0	0	5	1	1	0	2	0	0	11
220788	0	1	0	1	0	0	0	0	0	0	2	2	2	0	1	0	0	9
220886	0	1	0	1	0	2	4	0	0	0	0	0	0	0	0	0	4	12
220841	0	0	0	0	0	0	2	0	0	0	0	0	0	0	0	0	0	2
220798	0	2	0	2	0	2	3	0	0	0	1	0	0	0	1	0	8	19
262880	0	6	0	1	0	0	3	0	0	0	0	0	2	0	1	0	11	24
262879	0	4	0	3	0	1	6	0	0	0	0	0	1	0	1	0	2	18
220815	0	2	0	2	0	0	2	0	0	0	1	0	1	0	1	0	3	12
220827	0	3	0	1	0	1	10	0	0	0	2	1	0	0	0	0	8	26
288297	0	2	0	1	0	3	14	0	1	0	0	0	0	0	1	1	12	35
220857	0	1	0	1	0	3	7	0	2	0	1	1	0	0	1	1	11	29
220872	0	3	0	1	0	3	15	0	2	0	0	0	0	0	1	1	9	35
220846	0	2	0	1	0	0	0	0	0	0	7	5	1	0	1	1	1	19
220775	0	2	1	2	0	0	1	0	0	0	15	10	1	0	1	0	2	35
220897	0	4	0	1	0	0	0	0	0	0	11	7	1	0	1	1	3	29
220855	0	2	0	2	0	0	1	0	0	0	12	8	1	0	1	0	2	29
220802	0	2	0	1	0	0	0	0	0	0	6	3	0	0	1	0	1	14
288026	0	2	0	2	0	0	1	0	0	0	10	6	1	0	1	0	4	27
220883	0	3	0	1	0	0	0	0	1	0	11	7	2	0	1	0	1	27
220784	0	0	0	2	0	0	0	0	0	0	7	4	0	0	1	0	0	14
240099	0	2	0	1	0	0	0	0	0	0	9	6	0	0	1	0	2	21
240107	0	2	0	1	0	0	1	0	0	0	7	5	2	0	1	0	2	21
240101	0	3	1	2	0	0	3	0	0	0	14	9	1	0	1	0	2	36
240104	0	1	0	1	0	0	1	0	0	0	7	3	3	0	1	0	3	20
240098	0	3	0	0	0	0	0	0	0	0	9	6	1	0	1	0	1	21
240109	0	2	0	2	0	0	1	0	0	0	10	7	1	0	1	1	2	27
240475	0	1	0	2	0	0	1	0	1	0	10	8	1	0	1	0	3	28
288253	0	6	0	3	0	1	4	0	0	0	7	4	1	0	1	0	1	28
220948	0	2	0	2	0	0	1	0	0	0	11	6	1	0	1	0	2	26
220967	0	2	0	2	0	0	0	0	0	0	1	1	0	0	1	0	3	10
221072	0	0	0	1	0	0	1	0	0	0	6	3	0	0	1	0	3	15
221096	0	2	0	2	0	0	0	0	3	0	9	7	3	0	1	0	4	31
221079	0	5	0	2	0	0	1	0	0	0	11	8	1	0	1	0	3	32
221064	0	3	0	1	0	0	0	0	0	0	6	5	1	0	1	0	1	18
221070	0	4	0	2	0	0	2	0	0	0	11	8	1	0	1	0	2	31
262850	0	0	0	0	0	0	0	0	0	0	0	0	0	0	0	0	0	0
221038	0	3	0	1	0	0	0	0	0	0	0	0	2	0	0	0	3	9
221099	0	1	0	1	0	2	5	0	0	0	0	0	0	0	0	0	2	11
221069	0	2	0	1	0	0	0	0	0	0	1	0	0	0	0	0	2	6
262852	0	1	0	1	0	0	1	0	1	0	1	1	0	0	1	1	3	11
240499	0	5	1	2	0	0	2	0	0	0	2	2	0	0	0	0	6	20
240486	0	2	0	3	0	2	13	0	0	0	0	0	0	0	0	0	4	24
240468	0	2	0	1	0	0	0	0	0	0	0	0	3	0	1	0	3	10
240470	0	1	0	1	0	1	1	0	1	0	0	0	0	0	0	0	4	9
240500	0	1	0	1	0	0	1	0	0	0	0	0	0	0	0	0	0	3
240473	0	0	0	1	0	0	2	0	1	0	1	0	1	0	0	0	3	9
240495	0	0	0	2	0	1	8	0	0	0	0	0	0	0	0	0	3	14
240496	0	1	0	1	0	0	0	0	0	0	0	0	1	0	0	0	2	5
240484	0	1	0	2	0	0	1	0	0	0	1	0	0	0	0	0	6	11
240477	0	5	0	3	0	0	13	0	0	0	0	0	0	0	0	0	9	30
240498	0	0	0	2	0	2	5	0	0	0	0	0	0	0	0	0	2	11
240474	0	0	1	2	0	2	6	0	0	0	0	0	0	0	0	0	3	14
240487	1	4	0	2	0	0	10	0	2	0	38	24	1	0	1	2	22	107
240497	0	2	0	2	0	4	5	0	0	0	0	0	0	0	1	0	6	20
288220	0	1	0	1	0	2	3	0	0	0	6	0	1	0	0	0	5	19
241434	0	4	0	4	0	2	8	0	1	0	12	20	0	0	1	0	17	69
230835	0	4	0	2	0	1	0	0	1	0	9	7	0	0	1	0	3	28
230837	0	3	0	1	0	0	5	0	1	0	10	6	1	0	2	0	12	41
240465	0	2	0	1	0	4	10	0	0	0	17	10	1	0	2	0	12	59
220971	0	4	0	1	0	1	6	0	0	0	31	29	1	0	1	1	17	92
220916	0	3	0	1	0	1	10	0	0	0	9	16	1	0	2	0	12	55
288168	0	3	0	1	0	1	10	0	0	0	8	13	1	0	2	0	12	51
220921	0	7	1	1	0	0	4	0	1	0	22	10	1	0	1	1	14	63
220966	0	3	1	1	0	1	10	0	2	0	28	18	1	0	2	2	17	86
240573	0	1	0	1	0	2	13	0	1	0	5	3	1	0	2	1	18	48
221014	0	2	0	1	0	4	7	0	1	0	4	7	1	0	1	1	11	40
220959	0	2	0	1	0	0	2	0	0	0	0	0	0	0	0	0	4	9
227511	0	2	0	1	0	0	2	0	0	0	0	0	0	0	0	0	2	7
288288	0	0	0	1	0	0	1	0	0	0	0	0	0	0	0	0	11	13
288190	0	1	0	1	0	0	1	0	0	0	0	0	0	0	0	0	6	9
227512	0	1	0	1	0	0	0	0	0	0	1	0	0	0	0	0	0	3
240557	0	0	0	1	0	0	1	0	0	0	0	0	0	0	0	0	2	4
240568	0	0	0	1	0	0	0	0	0	0	0	0	0	0	0	0	2	3
240561	0	1	0	2	0	1	4	0	0	0	3	0	0	0	0	0	3	14
240577	0	1	0	1	0	0	0	0	0	0	1	0	0	0	0	0	2	5
288296	0	1	0	1	0	0	0	0	0	0	1	0	0	0	0	0	1	4
227510	0	1	0	2	0	0	6	0	0	0	3	0	0	0	0	0	2	14
227513	0	0	0	1	0	0	0	0	0	0	1	0	0	0	0	0	2	4
240472	0	2	1	3	0	3	13	0	0	0	7	6	0	0	1	0	16	52
288235	0	9	0	4	0	3	14	0	1	0	10	3	0	0	1	0	16	61
230832	0	12	1	3	0	2	25	0	2	0	3	4	0	0	0	0	1	53
230830	0	5	0	4	0	1	10	0	4	0	37	32	2	0	1	0	11	107
230836	0	5	0	4	0	1	8	0	3	0	21	12	2	0	0	0	11	67
230838	0	7	0	4	0	9	23	0	5	0	40	29	0	0	1	0	12	130
230828	0	0	0	0	0	0	0	0	0	0	2	0	0	0	0	0	2	4
220917	0	8	1	5	0	5	19	0	1	0	27	11	0	0	1	0	17	95
240485	0	7	0	5	0	5	15	0	1	0	14	4	1	0	1	0	16	69
240481	0	8	1	5	0	5	19	0	1	0	27	11	0	0	1	0	17	95
240480	0	3	0	3	0	3	11	0	0	0	1	0	0	0	0	0	4	25
240466	0	1	0	1	0	0	1	0	0	0	0	0	0	0	0	0	1	4
287989	0	2	1	1	0	2	15	0	0	0	1	0	0	0	0	0	5	27
240576	0	0	0	1	0	0	0	0	0	0	0	0	0	0	0	0	2	3
240479	0	4	1	5	0	4	14	0	0	0	15	10	0	0	1	0	14	68
240492	0	4	1	5	0	4	14	0	0	0	16	10	0	0	1	0	14	69
240482	0	4	0	5	1	4	16	0	0	0	19	13	0	0	1	0	14	77
240532	0	0	0	2	0	0	0	0	0	0	0	0	0	0	0	0	2	4
240581	0	3	0	2	1	1	0	0	0	0	0	0	0	0	0	0	3	10
288257	0	0	0	1	0	0	0	0	0	0	0	0	0	0	0	0	1	2
240560	0	0	0	3	1	0	0	0	0	0	1	0	0	0	0	0	3	8
288292	0	1	0	2	0	0	2	0	0	0	0	0	0	0	0	0	2	7
240553	0	1	0	1	0	0	2	0	1	0	13	8	1	0	1	1	13	42
240593	0	0	0	1	0	0	5	0	1	0	1	0	1	0	0	0	9	18
240530	0	0	0	1	0	3	4	0	0	0	0	0	0	0	0	0	2	10
240605	0	1	0	2	0	1	5	0	0	0	0	0	1	0	0	0	3	13
240552	0	3	0	3	0	2	3	0	0	0	0	0	0	0	0	0	9	20
240539	0	2	0	1	0	2	9	0	0	0	0	0	0	0	0	0	2	16
240549	0	0	1	2	1	1	8	0	0	0	3	0	0	0	0	0	5	21
240596	0	1	0	2	0	1	4	0	0	0	0	0	0	0	0	0	2	10
240589	0	0	0	1	0	1	4	0	0	0	1	0	0	0	0	0	3	10
240566	0	2	0	2	0	1	2	0	0	0	0	0	0	0	0	0	3	10
240544	0	1	0	4	0	5	9	0	0	0	0	0	0	0	0	0	4	23
240598	0	2	0	1	0	2	6	0	0	0	0	0	0	0	0	0	3	14
240599	0	2	0	1	0	2	5	0	0	0	0	0	0	0	0	0	2	12
240602	0	1	0	1	0	1	4	0	0	0	0	0	0	0	0	0	3	10
240600	0	1	0	1	1	2	4	0	0	0	0	0	0	0	0	0	3	12
240556	0	3	0	1	0	1	3	0	0	0	1	0	0	0	0	0	3	12
288249	0	2	1	1	0	2	6	0	0	0	0	0	0	0	0	0	2	14
240529	0	1	0	2	0	2	5	0	0	0	0	0	0	0	0	0	6	16
240547	0	2	0	1	0	2	2	0	0	0	0	0	0	0	0	0	2	9
241404	0	3	1	1	0	3	6	0	0	0	0	0	0	0	0	0	4	18
241422	0	1	0	1	0	2	5	0	0	0	0	0	0	0	0	0	0	9
221023	0	2	0	1	0	2	9	0	0	0	0	0	0	0	0	0	4	18
221037	0	2	0	1	0	2	9	0	0	0	0	0	0	0	0	0	4	18
240535	0	1	0	1	0	1	6	0	0	0	1	0	0	0	0	0	5	15
240572	0	0	0	1	0	1	2	0	0	0	0	0	0	0	0	0	3	7
288041	0	0	0	1	0	0	0	0	0	0	0	0	0	0	0	0	2	3
21217	0	1	0	1	0	2	7	0	0	0	0	0	0	0	0	0	3	14
221067	0	1	0	1	1	1	4	0	0	0	0	0	0	0	0	0	3	11
175714	0	0	0	1	0	1	7	0	0	0	1	0	0	0	0	0	5	15
175715	0	1	0	2	0	4	8	0	0	0	0	0	0	0	0	0	4	19
175716	1	11	2	3	1	5	19	0	2	0	8	4	0	0	1	0	24	81
175717	1	11	1	4	0	3	17	0	0	0	8	5	1	0	1	0	16	68
175718	0	4	0	2	0	1	0	0	1	0	9	6	0	0	1	0	3	27
175719	0	0	0	1	0	0	0	0	0	0	1	0	0	0	0	0	1	3
240587	0	0	0	1	0	0	0	0	0	0	1	0	0	0	0	0	0	2
240567	0	0	0	1	0	0	0	0	0	0	1	0	0	0	0	0	1	3
288276	0	0	0	1	0	0	0	0	0	0	1	0	0	0	0	0	1	3
240537	0	0	0	1	0	0	0	0	0	0	1	0	0	0	0	0	1	3
240551	0	0	0	2	1	4	2	0	1	0	2	1	1	0	1	0	5	20
240575	0	6	0	1	0	1	11	0	1	0	12	18	1	0	1	1	7	60
240533	0	2	0	1	0	2	14	0	1	0	27	27	0	0	1	1	6	82
240562	1	2	1	2	1	2	14	0	0	0	12	7	0	0	2	1	11	56
240531	0	5	0	1	0	1	13	0	1	0	9	14	1	0	1	1	7	54
240583	0	4	0	2	1	2	14	0	0	0	8	2	0	0	1	1	16	51
240538	0	2	3	2	1	3	14	0	0	0	4	1	0	0	1	1	17	49
240541	0	5	1	1	0	1	11	0	1	0	11	16	1	0	1	1	10	60
220922	0	1	1	1	0	3	8	0	0	0	10	9	0	0	1	1	11	46
221010	0	2	0	1	0	1	7	0	1	0	24	20	1	0	1	1	4	63
221001	0	7	0	1	0	1	13	0	1	0	13	18	1	0	1	1	7	64
288038	0	2	0	1	0	1	10	0	1	0	8	5	1	0	0	1	5	35
220990	0	4	0	2	0	2	9	0	1	0	11	4	0	0	1	0	13	47
240542	0	2	0	1	0	0	0	0	1	0	1	0	0	0	0	0	1	6
220938	0	0	0	1	0	0	1	0	1	0	2	0	0	0	0	0	3	8
220964	0	0	0	1	0	0	0	0	0	0	0	0	0	0	0	0	1	2
220998	0	0	0	1	0	0	0	0	0	0	0	0	0	0	0	0	1	2
220766	0	0	0	1	0	0	0	0	0	0	0	0	0	0	0	0	1	2
220879	0	0	0	1	0	0	0	0	0	0	0	0	0	0	0	0	1	2
220887	0	0	0	0	0	0	0	0	0	0	0	0	0	0	0	0	1	1
220859	0	0	0	0	0	0	0	0	0	0	0	0	0	0	0	0	1	1
220797	0	0	0	0	0	0	0	0	0	0	0	0	0	0	0	0	1	1
220861	0	0	0	0	0	0	0	0	0	0	0	0	0	0	0	0	1	1
220805	0	1	0	2	0	4	2	0	0	0	1	0	0	0	1	0	6	17
220779	0	2	0	1	0	2	5	0	0	0	1	0	0	0	1	0	6	18
220850	0	1	0	2	0	1	4	0	0	0	0	0	0	0	0	0	2	10
220888	1	1	0	2	0	0	0	0	1	0	12	9	1	0	1	0	0	28
289556	1	1	0	2	0	0	0	0	1	0	14	9	1	0	1	0	0	30
220832	1	1	0	2	0	0	0	0	1	0	12	9	1	0	1	0	0	28
220849	0	0	0	1	0	0	0	0	0	0	4	3	1	0	1	0	0	10
220786	0	0	0	1	0	0	0	0	0	0	4	3	1	0	1	0	0	10
288248	0	8	1	1	0	0	0	0	0	0	5	3	0	0	1	0	1	20
220823	0	5	0	1	0	1	0	0	0	0	6	6	1	0	0	0	0	20
220903	1	4	0	1	0	0	1	0	0	0	6	4	0	0	1	0	0	18
220787	0	3	0	1	0	1	0	0	3	0	10	9	0	0	1	0	0	28
220799	0	2	0	2	0	1	0	0	3	0	13	6	0	0	1	0	0	28
220785	0	0	0	1	0	1	0	0	0	0	4	3	1	0	1	0	0	11
220875	0	0	0	1	0	0	0	0	0	0	4	3	1	0	1	0	0	10
220816	0	0	0	1	0	1	0	0	0	0	4	4	1	0	1	0	0	12
220889	0	0	0	1	0	1	0	0	0	0	4	4	1	0	1	0	0	12
288309	1	1	0	2	0	0	0	0	1	0	13	10	1	0	1	0	0	30
220853	0	2	0	1	0	0	0	0	0	0	12	9	0	0	1	0	0	25
240588	0	3	1	1	0	0	1	0	0	0	3	3	0	0	1	0	0	13
240586	0	2	0	1	0	1	0	0	1	0	9	9	1	0	1	0	0	25
288281	0	9	1	3	0	0	0	0	0	0	5	3	1	0	1	0	2	25
240545	0	7	1	1	0	1	0	0	0	0	7	6	3	0	1	0	0	27
240582	0	1	0	2	0	0	0	0	1	0	12	9	1	0	1	0	0	27
241429	0	2	0	1	0	1	0	0	0	0	8	7	0	0	1	0	0	20
220845	0	2	0	1	0	1	0	0	4	0	8	4	0	0	1	0	0	21
287945	0	2	1	2	0	0	0	0	0	0	4	2	1	0	1	0	0	13
253673	0	3	0	2	0	0	0	0	0	0	4	2	1	0	1	0	0	13
220765	1	11	1	7	0	0	3	0	0	0	10	8	3	0	1	0	0	45
253674	0	8	1	1	0	0	0	0	0	0	5	3	1	0	1	0	0	20
220843	0	4	0	1	0	1	0	0	1	0	12	11	0	0	1	0	0	31
220838	0	1	0	1	0	1	0	0	2	0	20	7	0	0	1	0	0	33
262819	0	2	0	1	0	1	0	0	2	0	10	10	0	0	1	0	0	27
220856	0	4	0	3	0	0	1	0	0	0	4	1	0	0	1	0	0	14
220878	0	0	0	1	0	1	0	0	0	0	14	7	0	0	1	0	0	24
288223	0	2	0	1	0	1	0	0	0	0	13	12	0	0	1	0	0	30
220870	0	3	0	1	0	1	0	0	1	0	8	6	0	0	1	0	1	22
220772	0	0	0	1	0	0	0	0	1	0	0	0	0	0	1	0	0	3
220831	0	2	0	1	0	0	0	0	0	0	15	10	1	0	1	0	0	30
220842	1	10	0	4	0	0	2	0	1	0	7	5	4	0	1	0	1	36
220873	0	2	0	1	0	1	0	0	0	0	17	20	0	0	1	0	0	42
220918	0	2	0	1	0	1	0	0	0	0	11	6	1	0	1	0	0	23
288156	0	2	1	2	0	1	0	0	1	0	7	3	0	0	1	0	1	19
220997	0	4	1	2	0	0	0	0	2	0	9	3	0	0	1	0	0	22
221005	0	0	0	1	0	1	0	0	0	0	4	2	1	0	1	0	0	10
262856	0	2	0	1	0	1	0	0	1	0	7	5	0	0	1	0	0	18
220962	0	9	1	3	0	0	1	0	0	0	4	3	2	0	1	0	0	24
220961	0	7	1	1	0	0	0	0	3	0	6	3	0	0	1	0	0	22
220994	0	7	1	1	0	0	0	0	3	0	9	6	1	0	1	0	0	29
241414	0	5	0	1	0	1	1	0	0	0	4	4	0	0	1	0	0	17
288174	0	3	1	1	0	1	0	0	2	0	12	10	3	0	1	0	0	34
289557	0	9	0	1	0	1	0	0	1	0	7	4	0	0	1	0	0	24
289558	1	2	0	1	0	0	0	0	0	0	5	3	0	0	1	0	0	13
241405	1	11	1	4	0	1	2	0	1	0	9	7	1	0	1	0	0	39
241424	0	11	1	4	0	1	2	0	0	0	8	6	1	0	1	0	0	35
241431	0	2	0	1	0	1	0	0	0	0	11	7	1	0	1	0	0	24
241435	1	0	1	2	1	0	0	0	0	0	5	2	0	0	1	0	0	13
241406	1	0	0	2	0	0	0	0	0	0	4	3	0	0	1	0	0	11
241410	0	3	1	2	0	0	0	0	1	0	5	4	0	0	1	0	0	17
220974	0	4	0	1	0	1	0	0	1	0	12	11	0	0	1	0	0	31
288214	0	1	0	1	0	1	0	0	3	0	9	6	0	0	1	0	0	22
220951	0	3	0	1	0	1	0	0	4	0	18	12	0	0	1	0	0	40
220958	0	3	0	1	0	1	0	0	1	0	10	9	1	0	1	0	0	27
220963	0	12	2	3	0	0	0	0	0	0	4	3	1	0	1	0	2	28
287992	0	4	0	1	0	0	0	0	0	0	4	3	0	0	1	0	0	13
241413	1	9	1	4	0	0	1	0	2	0	6	4	0	0	1	0	1	30
241437	1	3	1	1	0	0	0	0	1	0	5	3	0	0	1	0	0	16
230833	0	3	1	2	0	0	0	0	1	0	5	3	0	0	1	0	0	16
230829	0	1	1	2	0	1	0	0	2	0	7	3	0	0	1	0	1	19
230831	0	12	1	3	0	0	3	0	2	0	2	2	1	0	1	0	0	27
230834	0	4	1	1	0	0	0	0	2	0	11	9	4	0	1	0	0	33
240476	0	4	1	2	0	0	0	0	2	0	7	3	0	0	1	0	0	20
240489	0	4	1	2	0	1	0	0	1	0	7	4	2	0	1	0	0	23
240494	0	5	1	2	0	1	0	0	1	0	9	7	2	0	1	0	0	29
240488	0	5	0	1	0	0	0	0	0	0	7	6	0	0	1	0	0	20
240464	0	7	0	1	0	1	0	0	6	0	7	6	0	0	1	0	0	29
288039	0	0	0	1	0	1	0	0	0	0	4	2	1	0	1	0	0	10
221048	0	0	0	1	0	1	0	0	0	0	4	3	1	0	1	0	0	11
287982	0	0	0	1	0	1	0	0	0	0	4	2	1	0	1	0	0	10
220914	0	0	0	1	0	1	0	0	0	0	4	3	1	0	1	0	0	11
288279	0	0	0	1	0	1	0	0	0	0	4	3	1	0	1	0	0	11
241421	0	0	0	1	0	1	0	0	0	0	4	3	1	0	1	0	0	11
262806	0	0	0	1	0	1	0	0	0	0	4	3	1	0	1	0	0	11
288004	0	0	0	1	0	1	0	0	0	0	4	3	1	0	1	0	0	11
221020	1	7	1	2	0	0	0	0	5	0	11	10	2	0	1	0	1	41
220954	0	1	0	1	0	1	0	0	0	0	8	4	1	0	1	0	0	17
241425	0	1	0	0	0	0	0	0	0	0	2	0	1	0	1	0	0	5
241432	0	7	0	1	0	0	2	0	0	0	4	2	0	0	1	0	0	17
241407	1	3	0	2	0	0	0	0	0	0	6	4	0	0	1	0	0	17
241436	0	5	1	2	0	1	0	0	1	0	12	10	4	0	1	0	1	38
253675	0	0	0	1	0	0	0	0	0	0	4	0	0	0	0	0	0	5
241427	0	1	0	1	0	1	0	0	2	0	7	6	0	0	1	0	0	19
220927	0	3	0	1	0	1	0	0	1	0	14	13	1	0	1	0	0	35
220920	0	5	0	5	0	0	5	0	0	0	0	0	0	0	1	0	10	26
220928	0	0	1	2	0	1	3	0	0	0	2	2	0	0	1	0	5	17
220992	0	0	1	1	1	1	3	0	0	0	0	0	0	0	0	0	4	11
221000	0	0	0	1	0	1	2	0	0	0	2	1	0	0	0	0	4	11
220976	0	0	0	1	0	1	0	0	0	0	0	0	0	0	0	0	3	5
220937	0	0	1	1	0	0	2	0	0	0	0	0	0	0	0	0	0	4
258037	0	1	0	1	0	0	0	0	0	0	0	0	0	0	0	0	0	2
241440	0	3	0	2	0	1	0	0	1	0	19	15	0	0	1	0	7	49
241423	0	5	0	2	0	0	0	0	1	0	15	13	3	0	1	0	4	44
257835	0	2	0	2	0	0	0	0	0	0	18	20	2	0	1	0	8	53
221007	0	6	0	2	0	0	2	0	3	0	28	17	0	0	1	0	11	70
220942	0	6	0	2	0	0	2	0	4	0	29	18	1	0	1	0	12	75
257834	0	7	0	2	0	0	2	0	3	0	28	16	0	0	1	0	10	69
220940	0	5	0	2	1	0	0	0	0	0	20	10	0	0	1	0	4	43
241411	0	7	0	2	0	0	2	0	1	0	13	6	2	0	1	0	4	38
240467	1	3	1	1	0	0	3	0	1	0	19	16	2	0	1	0	10	58
288175	0	0	0	2	0	0	0	0	1	0	16	13	0	0	1	0	4	37
241402	0	4	0	3	0	0	1	0	0	0	14	16	1	0	1	0	7	47
287977	0	2	0	3	0	1	0	0	0	0	14	11	1	0	1	0	5	38
241409	0	3	0	2	0	0	3	0	0	0	13	11	1	0	1	0	4	38
241403	1	10	1	3	0	0	5	0	1	0	11	9	3	0	1	0	5	50
288221	1	3	0	2	0	0	1	0	1	0	18	18	3	0	1	0	5	53
241444	0	7	0	2	0	0	0	0	1	0	22	14	4	0	1	0	4	55
241417	0	2	0	3	0	0	2	0	0	0	21	12	0	0	1	0	8	49
241408	0	3	0	3	0	0	2	0	0	0	20	12	0	0	1	0	8	49
220960	0	4	0	2	0	0	0	0	0	0	20	16	0	0	1	0	2	45
220989	0	5	0	2	0	0	1	0	0	0	14	15	1	0	1	0	7	46
241442	0	5	0	4	1	0	1	0	0	0	16	11	1	0	1	0	4	44
241419	0	8	0	2	0	0	0	0	1	0	7	4	4	0	1	0	1	28
220915	0	4	0	2	0	0	1	0	1	0	20	26	3	0	1	0	6	64
220995	0	2	0	2	0	0	0	0	0	0	17	15	1	0	1	0	4	42
241426	0	5	0	1	0	0	0	0	1	0	19	17	2	0	1	0	5	51
241412	0	8	0	2	0	0	2	0	4	0	29	20	0	0	1	0	12	78
262872	0	3	0	2	0	1	0	0	3	0	18	18	1	0	1	0	4	51
221021	0	4	0	4	1	0	1	0	0	0	12	9	0	0	1	0	4	36
220978	0	6	0	1	0	0	0	0	1	0	16	12	1	0	1	0	3	41
220929	0	4	0	2	0	0	0	0	0	0	14	18	1	0	1	0	5	45
287949	0	6	0	2	0	0	3	0	2	0	23	21	1	0	1	0	6	65
226560	0	4	1	4	0	2	7	0	1	0	1	0	2	0	0	0	6	28
226547	0	1	0	4	0	0	3	0	0	0	1	0	1	0	0	0	4	14
219817	0	4	0	1	0	1	4	0	0	0	0	0	0	0	0	0	2	12
226558	0	1	0	2	0	0	1	0	0	0	2	0	2	0	0	0	4	12
220573	0	4	1	4	0	1	7	0	0	0	0	0	2	0	0	0	6	25
219816	0	2	0	1	0	0	0	0	0	0	0	0	0	0	0	0	2	5
262874	0	1	0	2	0	2	2	0	0	0	1	0	0	0	0	0	1	9
226555	0	6	1	2	0	0	0	0	0	0	0	0	0	0	0	0	3	12
220569	0	2	0	0	0	0	0	0	0	0	2	2	0	0	0	0	0	6
226563	0	0	0	1	1	0	4	0	0	0	0	0	0	0	0	0	2	8
226564	0	3	1	3	0	0	3	0	0	0	0	0	0	0	0	0	2	12
226537	0	1	0	3	0	2	5	0	0	0	1	0	0	0	0	0	3	15
219819	0	4	0	2	0	0	2	0	0	0	0	0	0	0	0	1	2	11
226539	0	1	0	2	0	1	3	0	0	0	12	6	1	0	1	0	7	34
226543	0	1	0	2	0	1	3	0	0	0	7	4	1	0	1	0	8	28
221050	0	1	1	3	0	2	5	0	0	0	5	2	0	0	1	0	6	26
221059	0	1	0	2	0	1	6	0	0	0	9	6	2	0	1	0	9	37
221031	0	2	0	2	0	2	7	0	0	0	10	7	1	0	1	0	12	44
242070	0	2	1	3	0	3	8	0	0	0	5	3	2	0	1	0	10	38
290901	0	2	0	2	0	1	5	0	0	0	2	2	2	0	1	0	9	26
221107	0	0	0	3	0	0	3	0	0	0	3	7	0	0	1	0	6	23
221080	0	4	0	2	0	1	3	0	0	0	8	5	2	0	1	0	12	38
221088	0	2	1	2	0	0	5	0	0	0	6	3	2	0	1	0	5	27
221103	0	0	0	4	1	1	7	0	0	0	5	4	0	0	1	0	3	26
262807	0	2	0	4	0	1	6	0	0	0	12	9	1	0	1	0	10	46
288006	0	1	0	2	0	1	6	0	0	0	6	4	0	0	1	0	1	22
242072	0	1	0	2	0	1	3	0	0	0	7	4	0	0	1	0	8	27
220829	0	1	1	2	0	2	9	0	0	0	11	4	1	0	1	0	6	38
242064	0	0	0	3	0	1	7	0	0	0	6	5	0	0	1	0	7	30
220860	0	13	0	5	0	5	20	0	1	0	16	7	1	0	1	0	28	97
220881	0	7	2	3	0	3	15	0	1	0	22	14	2	0	1	0	19	89
220899	0	1	0	2	0	2	5	0	0	0	3	1	0	0	0	0	5	19
220792	0	0	0	3	0	2	0	0	0	0	0	0	0	0	0	0	0	5
287969	0	0	0	1	0	1	0	0	0	0	2	0	0	0	0	0	0	4
220900	0	0	0	0	0	0	0	0	0	0	1	0	0	0	0	0	0	1
220864	0	1	0	1	0	1	2	0	0	0	0	0	0	0	0	0	4	9
262845	0	1	0	1	0	0	0	0	0	0	0	0	0	0	1	0	0	3
288238	0	1	0	2	0	1	8	0	0	0	0	0	0	0	0	0	1	13
220895	0	0	0	0	0	0	0	0	0	0	0	0	0	0	0	0	0	0
262811	0	1	0	1	0	0	2	0	0	0	0	0	0	0	0	0	3	7
220777	0	2	0	2	0	0	0	0	0	0	19	21	2	0	1	0	8	55
220822	0	6	0	2	1	0	1	0	0	0	0	0	1	0	0	0	4	15
220817	0	1	0	6	1	1	8	0	0	0	2	0	2	0	1	1	4	27
220781	0	5	0	2	0	2	16	0	0	0	0	0	0	0	0	0	9	34
220865	0	0	0	1	0	0	3	0	0	0	5	1	0	0	0	0	4	14
242068	0	1	0	1	0	1	6	0	0	0	0	0	0	0	0	0	4	13
220773	0	0	0	0	0	0	2	0	0	0	1	0	0	0	0	0	2	5
221097	0	0	0	1	0	1	2	0	0	0	0	0	0	0	0	0	2	6
262857	0	0	0	1	0	1	1	0	0	0	0	0	0	0	0	0	2	5
221053	0	1	0	1	0	1	0	0	0	0	0	0	0	0	0	0	2	5
221101	0	0	0	0	0	0	0	0	0	0	0	0	0	0	0	0	1	1
221051	0	0	0	1	0	0	2	0	0	0	1	0	0	0	0	0	2	6
291196	0	1	0	1	0	0	2	0	0	0	1	0	0	0	0	0	2	7
291197	0	0	0	1	0	0	4	0	0	0	3	4	0	0	0	0	5	17
221083	0	1	1	1	0	0	1	0	0	0	0	0	0	0	1	0	3	8
290887	0	0	0	1	0	1	1	0	0	0	0	0	0	0	0	0	1	4
290656	0	0	0	1	0	0	0	0	0	0	0	0	0	0	0	0	0	1
242063	1	8	1	5	0	1	6	0	0	0	9	3	1	0	1	0	14	50
220986	0	2	0	2	0	0	0	0	0	0	2	1	0	0	1	0	1	9
220972	0	8	0	2	0	0	4	0	0	0	3	1	2	0	1	0	3	24
220909	0	5	0	4	0	0	1	0	0	0	2	1	0	0	1	0	2	16
288035	0	3	0	3	0	0	2	0	0	0	2	1	2	0	0	0	3	16
242065	0	3	1	3	0	0	0	0	0	0	0	0	2	0	0	0	5	14
220913	1	9	0	4	0	0	2	0	2	0	11	18	0	0	1	0	8	56
220957	0	0	0	1	0	0	0	0	0	0	0	0	0	0	0	0	2	3
287973	0	0	0	1	0	0	0	0	0	0	0	0	0	0	0	0	2	3
288250	0	0	0	1	0	0	2	0	0	0	3	1	1	0	0	0	1	9
288219	0	6	0	3	1	0	2	0	0	0	15	13	3	0	1	0	5	49
220808	0	2	0	2	0	0	0	0	0	0	10	8	6	0	1	0	5	34
288303	0	2	0	2	0	1	0	0	0	0	10	9	7	0	1	0	2	34
242069	0	2	0	2	0	1	0	0	0	0	10	9	6	0	1	0	2	33
220830	0	5	1	3	0	1	1	0	0	0	10	9	4	0	1	0	7	42
288313	0	5	1	3	0	1	3	0	0	0	17	14	3	0	1	0	7	55
220825	0	5	0	2	0	1	1	0	0	0	11	9	4	0	1	0	7	41
220894	0	8	1	3	0	1	1	0	0	0	10	7	6	0	1	0	9	47
220931	0	4	0	3	0	0	2	0	0	0	13	11	2	0	2	1	5	43
288031	0	6	0	3	0	0	2	0	1	0	27	17	2	0	1	0	2	61
242073	0	6	0	3	1	1	3	0	1	0	22	18	4	0	1	0	2	62
220993	0	5	1	3	0	1	1	0	0	0	10	9	4	0	1	0	7	42
220969	0	5	1	2	0	1	1	0	0	0	13	11	4	0	1	0	7	46
288044	0	1	0	2	0	1	3	0	0	0	22	17	0	0	1	0	4	51
290687	0	1	0	2	0	1	1	0	0	0	13	12	0	0	1	0	2	33
290690	0	4	0	3	0	1	2	0	0	0	10	7	4	0	1	0	7	39
226371	0	13	2	5	0	2	16	0	5	0	33	29	0	0	1	2	27	135
226391	0	0	0	3	0	0	0	0	0	0	5	4	0	0	1	0	2	15
290693	0	6	0	3	1	0	2	0	0	0	10	9	3	0	1	0	5	40
221034	0	9	0	2	0	1	1	0	0	0	18	12	8	0	1	0	3	55
221084	0	2	0	3	0	0	1	0	0	0	12	11	2	0	1	0	3	35
221068	0	3	0	3	0	0	3	0	0	0	11	9	3	0	1	0	4	37
221094	0	2	1	3	0	0	2	0	0	0	10	7	1	0	1	0	4	31
242271	0	5	0	2	0	0	1	0	0	0	11	7	3	0	1	0	5	35
242652	0	18	0	3	1	0	3	0	0	0	23	19	7	0	1	0	3	78
242654	0	1	0	1	0	2	4	0	0	0	0	0	0	0	1	0	0	9
242452	0	0	0	1	0	0	0	0	0	0	1	0	0	0	0	0	1	3
262855	0	1	0	1	0	0	0	0	0	0	1	0	0	0	0	0	1	4
242364	0	0	0	1	0	0	0	0	0	0	1	0	0	0	0	0	1	3
242320	0	1	0	1	0	0	0	0	0	0	1	0	0	0	0	0	1	4
242076	0	0	0	1	0	0	0	0	0	0	1	0	0	0	0	0	1	3
242287	0	0	0	1	0	0	0	0	0	0	1	0	0	0	0	0	1	3
242486	0	1	0	1	0	1	6	0	1	0	0	0	0	0	0	0	5	15
242311	0	1	0	1	0	0	2	0	0	0	1	0	0	0	1	0	0	6
242444	0	5	0	1	0	0	4	0	0	0	0	0	0	0	1	0	1	12
242434	0	2	1	3	0	1	3	0	0	0	4	8	0	0	1	1	5	29
242291	0	4	1	5	0	2	5	0	0	0	16	12	0	0	1	1	9	56
242307	0	3	0	3	0	1	3	0	0	0	7	7	0	0	1	1	4	30
242128	0	1	0	2	0	0	0	0	0	0	4	4	0	0	0	0	1	12
242238	0	2	0	4	0	1	4	0	0	0	4	3	0	0	1	1	3	23
242373	0	3	0	3	0	0	5	0	0	0	3	1	0	0	1	0	2	18
242196	0	6	1	4	0	1	3	0	0	0	10	17	0	0	1	1	7	51
218834	0	2	0	3	0	1	3	0	0	0	4	3	0	0	1	1	4	22
218828	0	2	0	3	0	1	3	0	0	0	4	3	0	0	1	1	3	21
221035	0	1	0	2	0	1	2	0	1	0	2	10	0	0	1	1	6	27
242272	0	4	0	3	1	0	9	0	0	0	13	14	2	0	0	0	7	53
242448	0	4	0	4	1	0	10	0	0	0	12	15	2	0	0	0	7	55
218809	0	3	0	3	0	1	2	0	0	0	1	1	0	0	0	0	0	11
218838	0	3	0	3	0	1	2	0	0	0	1	1	0	0	0	0	0	11
287965	0	4	0	5	1	0	2	0	1	0	17	8	1	0	0	0	7	46
287996	0	4	1	2	0	0	5	0	2	0	23	21	1	0	1	0	17	77
218781	0	6	1	4	0	5	26	0	0	0	19	20	2	0	1	0	20	104
218024	0	2	1	1	0	0	0	0	0	0	17	11	0	0	1	1	12	46
242451	0	3	0	3	0	5	19	0	1	0	16	19	0	0	1	0	16	83
242370	0	5	0	4	0	5	20	0	2	0	39	44	3	0	1	0	24	147
218796	0	5	0	4	0	5	20	0	2	0	39	44	3	0	1	0	24	147
242192	0	1	1	1	0	2	6	0	0	0	0	0	0	0	0	0	4	15
242393	0	5	0	1	0	0	3	0	1	0	16	17	0	0	1	1	2	47
242333	0	6	0	1	0	0	3	0	1	0	20	18	0	0	1	1	2	53
242539	0	4	0	1	0	0	2	0	1	0	18	10	0	0	1	2	7	46
242445	0	3	0	2	0	0	3	0	1	0	11	10	0	0	1	1	5	37
242463	0	3	0	2	0	0	3	0	1	0	11	6	0	0	1	1	5	33
288280	0	1	0	1	0	3	11	0	0	0	2	1	0	0	0	0	5	24
218081	0	0	0	0	0	1	1	0	0	0	0	0	0	0	0	0	0	2
218836	0	13	1	2	0	0	3	0	1	0	13	16	0	0	1	1	7	58
218795	0	8	1	2	0	0	3	1	2	0	21	22	1	0	1	1	8	71
242113	0	0	0	1	0	0	0	0	1	0	5	1	0	0	1	0	0	9
242560	0	0	0	1	0	0	0	0	0	0	3	1	3	0	1	0	1	10
252170	0	1	0	1	0	0	0	0	0	0	0	0	0	0	0	0	1	3
242118	0	0	0	1	0	0	1	0	0	0	0	0	0	0	0	0	4	6
218842	0	1	0	1	0	0	1	0	0	0	0	0	0	0	0	0	3	6
218830	0	1	0	3	0	2	6	0	0	0	0	0	0	0	0	0	2	14
218778	0	1	0	1	0	0	0	0	0	0	3	0	0	0	0	0	0	5
218827	0	1	0	0	0	0	0	0	0	0	2	0	0	0	0	0	0	3
242365	0	1	0	0	0	0	0	0	0	0	0	0	0	0	0	0	0	1
218833	0	1	0	3	0	0	0	0	0	0	0	0	0	0	0	0	1	5
288261	0	4	0	1	0	0	0	0	0	0	1	1	0	0	1	0	0	8
242407	0	2	1	1	0	1	6	0	0	0	5	4	0	0	2	1	27	50
218818	0	2	1	1	0	0	12	0	0	0	29	26	1	0	1	1	17	91
288268	0	6	0	1	0	2	6	0	0	0	8	11	5	0	1	1	16	57
242537	0	6	1	2	0	4	16	0	0	0	8	10	1	0	1	1	21	71
242137	0	5	1	3	0	6	15	0	0	0	7	3	3	0	1	1	26	71
252165	0	3	0	1	0	3	10	0	0	0	21	13	4	0	1	2	20	78
218825	0	6	1	1	0	2	8	0	0	0	12	12	4	0	1	1	12	60
288289	0	3	1	1	0	3	8	0	0	0	13	6	4	0	1	1	10	51
288188	0	8	0	4	0	4	7	0	0	0	0	0	2	0	1	1	10	37
242145	0	2	1	1	0	2	10	0	0	0	9	2	3	0	1	2	13	46
242245	0	4	0	3	0	2	8	0	0	0	4	6	0	0	2	0	9	38
242385	0	3	2	2	0	1	12	0	2	0	14	12	2	0	1	0	11	62
218804	0	9	2	3	1	6	20	0	2	0	21	19	1	0	1	1	19	105
221081	0	5	0	4	0	1	19	0	1	0	26	12	3	0	2	2	19	94
218788	0	2	3	1	0	1	8	0	0	0	19	21	1	0	2	1	10	69
242185	0	6	1	2	0	1	6	0	2	0	25	35	1	0	1	0	24	104
242435	0	1	1	2	0	1	9	0	0	0	12	10	3	0	1	0	9	49
242167	0	9	2	2	0	1	4	0	1	0	21	15	2	0	1	1	12	71
218808	0	0	2	1	0	1	7	0	0	0	14	18	1	0	2	1	9	56
218090	0	3	2	2	0	2	14	0	0	0	6	15	2	0	1	0	15	62
156512	0	1	1	2	0	1	5	0	0	0	9	9	0	0	1	0	8	37
252168	0	2	1	1	0	1	9	0	0	0	2	0	1	0	1	0	13	31
242415	0	3	1	2	0	4	16	0	1	0	11	9	1	0	1	0	17	66
242100	0	1	2	2	0	1	5	0	2	0	29	20	2	0	1	0	20	85
242404	0	1	1	1	0	0	3	0	3	0	11	10	2	0	1	0	10	43
242351	0	1	2	1	0	1	5	0	1	0	26	20	1	0	1	0	17	76
218780	0	4	0	1	0	1	6	0	0	0	33	18	0	0	1	1	17	82
288310	0	6	2	3	2	4	13	0	1	0	8	5	2	0	2	1	21	70
221087	0	3	1	1	0	2	7	0	1	0	39	21	0	0	1	1	16	93
218785	0	2	0	2	0	1	8	0	0	0	2	3	5	0	1	0	12	36
218813	0	2	1	1	0	0	3	0	0	0	29	17	0	0	1	1	14	69
242268	0	2	0	2	0	2	13	0	1	0	15	22	2	0	1	0	14	74
218841	0	2	1	1	0	0	10	0	0	0	5	1	0	0	1	0	13	34
218824	0	1	1	2	0	2	9	0	0	0	16	8	1	0	1	0	13	54
242162	0	4	1	3	0	2	12	0	3	0	14	11	2	0	1	1	15	69
242263	0	2	1	1	0	0	7	0	0	0	16	8	1	0	1	0	12	49
218883	0	2	1	1	0	0	7	0	0	0	17	8	1	0	1	0	12	50
221025	0	9	0	4	0	4	31	0	1	0	35	47	1	0	2	0	18	152
288302	0	5	2	3	0	2	12	0	2	0	5	4	2	0	1	0	14	52
218988	0	0	2	1	0	1	3	0	0	0	16	9	1	0	1	0	11	45
218963	0	0	1	1	0	1	3	0	0	0	17	9	1	0	1	0	11	45
242548	0	8	1	3	1	2	20	0	1	0	10	5	4	0	1	0	15	71
242437	0	4	1	1	0	0	5	0	1	0	44	33	2	0	1	0	15	107
242250	0	7	0	2	0	0	2	0	1	0	16	10	2	0	1	0	4	45
288233	0	1	2	1	0	0	3	1	1	0	16	7	2	0	1	1	8	44
218937	0	3	0	1	0	0	3	0	0	0	9	13	0	0	1	0	10	40
288178	0	7	2	4	0	2	24	0	1	0	8	3	5	0	1	0	16	73
221082	0	5	2	3	0	2	21	0	0	0	5	2	2	0	2	1	18	63
199761	0	2	0	2	0	0	1	0	0	0	11	12	0	0	1	0	9	38
242363	0	2	3	3	1	5	17	0	0	0	9	5	2	0	2	0	20	69
199773	0	6	2	3	1	5	16	0	0	0	9	6	2	0	2	1	23	76
242417	0	2	2	2	0	1	6	0	2	0	25	30	4	0	1	2	11	88
242380	0	1	1	1	0	2	12	0	0	0	16	12	3	0	2	1	13	64
242157	0	5	1	2	0	1	13	0	1	0	20	30	2	0	1	0	8	84
288152	0	5	1	2	0	1	11	0	1	0	18	11	4	0	1	0	16	71
218892	0	5	1	2	0	1	7	0	1	0	16	14	3	0	1	0	14	65
242391	0	1	1	1	0	1	5	0	0	0	16	7	1	0	1	0	13	47
288278	0	2	0	2	0	3	10	0	1	0	13	9	1	0	1	0	17	59
288215	0	9	3	2	0	1	14	0	1	0	17	10	2	0	1	0	12	72
242476	0	9	3	2	0	1	13	0	1	0	17	10	2	0	1	0	11	70
156515	0	1	2	2	0	1	8	0	2	0	10	4	0	0	2	1	11	44
218974	0	1	0	2	0	2	12	0	1	0	12	5	1	0	1	0	17	54
218935	0	1	0	1	0	0	4	0	0	0	11	2	0	0	1	0	9	29
242347	0	3	3	3	1	4	13	0	0	0	15	12	2	0	1	0	13	70
218889	0	1	2	1	0	1	5	0	0	0	18	12	1	0	1	0	10	52
218942	0	5	1	3	1	3	13	0	0	0	8	8	0	0	1	0	13	56
242251	0	0	1	1	0	0	6	0	0	0	4	2	0	0	2	0	7	23
218916	0	2	1	2	0	1	9	0	0	0	15	11	3	0	1	0	11	56
218891	0	1	2	3	0	2	18	0	3	0	10	8	5	0	1	0	25	78
156491	0	3	3	3	1	4	14	0	0	0	15	12	2	0	1	0	12	70
287955	0	3	3	3	0	1	17	0	2	0	5	3	2	0	1	0	12	52
288267	0	7	3	3	1	3	10	0	1	0	5	7	2	0	1	0	13	56
242425	0	2	1	2	0	1	12	0	0	0	11	9	1	0	2	0	13	54
218967	0	2	1	2	0	1	12	0	1	0	7	2	1	0	1	0	10	40
218913	0	2	2	1	0	1	9	0	0	0	10	3	1	0	2	1	14	46
242124	0	3	2	2	0	2	10	0	0	0	7	2	1	0	1	0	10	40
242110	0	8	3	3	1	2	9	1	2	0	7	5	3	0	1	0	14	59
242300	0	2	1	2	0	1	8	0	0	0	8	7	1	0	1	0	11	42
218905	0	6	1	1	0	1	8	0	1	0	31	19	2	0	1	0	10	81
156514	0	5	1	2	1	3	13	0	1	0	16	10	0	0	1	0	11	64
218879	0	2	1	2	0	3	9	0	1	0	15	10	0	0	1	0	17	61
252171	0	5	2	3	1	2	10	0	0	0	6	5	2	0	1	0	19	56
287950	0	2	1	1	0	2	12	0	0	0	12	6	1	0	2	1	15	55
242125	0	1	1	1	0	1	3	0	0	0	18	12	1	0	1	0	10	49
218943	0	0	0	2	0	1	8	0	0	0	24	30	1	0	2	1	13	82
218914	0	1	2	1	0	1	3	0	0	0	18	12	1	0	1	0	11	51
242155	0	0	0	2	0	1	8	0	0	0	23	29	1	0	2	1	11	78
242449	0	5	1	2	1	3	13	0	1	0	16	12	0	0	1	0	11	66
242535	0	9	4	3	0	3	15	0	1	0	21	31	2	0	1	0	16	106
288012	1	13	1	3	0	3	11	0	0	0	22	25	3	0	1	0	11	94
221098	0	11	4	1	0	1	13	0	2	0	23	16	4	0	1	0	11	87
242111	0	3	2	2	0	1	13	0	1	0	7	5	2	0	1	0	14	51
218898	0	2	2	2	0	1	5	0	2	0	4	3	4	0	1	1	16	43
156496	0	0	2	3	0	2	18	0	2	0	13	10	3	0	1	1	18	73
156499	0	2	0	2	0	0	3	0	2	0	21	12	0	0	1	1	8	52
156510	0	3	1	1	0	1	7	0	0	0	18	14	2	0	1	0	14	62
287953	0	2	0	2	0	0	2	0	2	0	13	7	0	0	1	1	9	39
221075	0	1	1	1	0	0	4	0	2	0	23	12	1	0	1	0	17	63
218915	1	6	2	3	0	1	11	0	2	0	20	14	2	0	1	0	11	74
156521	0	2	1	2	0	1	11	0	0	0	9	9	2	0	1	0	8	46
242438	0	2	1	2	0	1	12	0	0	0	9	18	2	0	1	0	8	56
252176	0	2	1	1	0	0	1	0	3	0	5	1	0	0	0	0	8	22
242183	0	6	2	4	1	4	13	0	0	0	13	5	1	0	2	1	24	76
242082	0	6	2	4	1	5	15	0	0	0	9	6	2	0	2	1	24	77
242286	0	2	2	1	0	0	3	0	1	0	10	13	2	0	2	1	15	52
218979	0	2	1	1	0	0	6	0	2	0	18	8	2	0	1	0	9	50
218985	0	4	2	2	0	1	5	0	0	0	18	7	1	0	1	0	22	63
242081	0	4	2	2	0	2	11	0	0	0	11	7	1	0	2	1	16	59
242410	0	2	1	2	0	1	10	0	0	0	10	4	0	0	1	0	6	37
242325	0	11	3	3	0	5	22	0	1	0	11	6	2	0	1	0	28	93
242551	0	2	0	1	0	0	1	0	4	0	21	16	1	0	1	0	15	62
218911	0	3	0	1	0	0	5	0	0	0	15	5	1	0	1	0	10	41
287979	0	3	1	2	0	1	12	0	0	0	2	8	2	0	1	0	14	46
218947	0	2	1	1	0	0	2	0	3	0	8	6	1	0	1	0	9	34
218972	1	6	1	3	0	2	11	0	0	0	9	3	1	0	2	1	11	51
242089	1	4	2	1	0	0	1	0	2	0	13	12	2	0	1	0	11	50
218880	0	5	1	3	0	3	13	0	0	0	10	9	2	0	2	1	19	68
218954	0	3	2	2	0	1	11	1	1	0	12	10	3	0	1	0	12	59
218926	0	3	1	1	0	0	3	0	2	0	26	13	0	0	1	1	15	66
242499	0	4	2	3	0	2	11	0	1	0	15	8	2	0	1	0	11	60
242471	0	7	4	3	0	2	23	0	0	0	14	13	1	0	2	1	17	87
242159	0	3	3	3	1	4	14	0	0	0	15	12	2	0	1	0	12	70
242552	0	8	2	3	1	3	14	1	1	0	21	21	4	0	1	0	15	95
288019	0	3	2	3	0	1	8	0	1	0	10	1	1	0	1	0	11	42
218932	0	5	1	1	0	0	7	0	0	0	51	38	2	0	1	0	16	122
218886	0	3	0	2	0	1	10	0	1	0	6	7	1	0	1	0	13	45
242094	0	3	2	1	0	0	5	0	0	0	10	7	1	0	1	0	6	36
218881	0	2	3	3	1	4	15	0	0	0	16	13	2	0	1	0	11	71
288298	0	3	1	2	0	3	11	0	1	0	6	5	1	0	0	0	17	50
218929	0	4	2	2	0	3	21	0	1	0	8	8	3	0	1	0	20	73
218907	0	1	1	1	0	1	3	0	0	0	18	11	1	0	1	0	10	48
242319	0	0	2	1	0	1	3	0	0	0	16	9	1	0	1	0	11	45
242163	0	4	1	1	0	1	11	0	1	0	28	20	1	0	2	2	15	87
218924	0	7	0	1	0	0	5	0	2	0	4	2	0	0	1	0	13	35
242529	0	3	1	1	0	0	0	0	2	0	12	8	0	0	1	0	12	40
218919	1	13	2	6	0	4	17	0	1	0	20	45	3	0	1	0	19	132
218922	0	2	2	3	0	2	13	0	0	0	8	4	0	0	1	0	11	46
242377	0	5	1	1	0	0	6	0	1	0	26	22	2	0	1	0	13	78
218957	0	5	1	1	0	0	7	0	1	0	32	24	2	0	1	0	14	88
242500	1	5	2	2	0	1	14	0	0	0	9	9	2	0	1	0	18	64
218910	1	5	2	2	0	1	14	0	0	0	8	6	2	0	1	0	15	57
218896	1	5	1	2	0	1	14	0	0	0	8	9	2	0	1	0	18	62
218921	0	2	2	2	0	1	6	0	1	0	20	6	2	0	1	0	16	59
242229	0	3	1	2	0	2	7	0	0	0	21	17	1	0	2	0	14	70
242564	0	2	2	1	0	0	1	0	0	0	16	16	0	0	1	0	13	52
218939	0	2	1	1	0	1	4	0	0	0	10	7	1	0	1	0	13	41
218902	0	7	1	2	0	1	6	0	2	0	25	33	1	0	1	0	24	103
242507	0	1	4	3	0	4	17	0	1	0	10	5	2	0	1	0	17	65
218925	0	1	3	3	0	4	18	0	1	0	11	7	2	0	1	0	19	70
218882	0	4	1	2	0	0	7	0	0	0	32	22	3	0	1	0	30	102
242261	1	4	2	3	1	2	9	0	0	0	3	3	1	0	1	0	12	42
242465	0	5	0	2	0	2	15	0	1	0	17	17	3	0	1	0	18	81
242479	0	2	2	1	0	1	5	0	0	0	13	10	2	0	2	1	7	46
288218	0	3	1	1	0	0	2	0	0	0	8	4	0	0	1	0	6	26
218928	0	7	2	4	1	3	13	0	0	0	5	2	5	0	1	0	18	61
218970	1	7	2	2	0	1	8	0	0	0	19	8	3	0	1	0	11	63
218895	0	5	2	2	0	2	18	0	1	0	6	3	2	0	1	0	17	59
242541	0	3	2	3	0	2	19	0	1	0	2	2	2	0	1	1	18	56
218885	0	7	2	1	0	1	2	0	2	0	21	31	2	0	2	1	16	88
218934	0	3	0	2	0	1	10	0	0	0	15	12	0	0	1	0	12	56
218973	0	2	1	1	0	1	5	0	0	0	14	13	1	0	1	0	8	47
218906	1	7	1	5	0	0	5	0	0	0	17	15	1	0	1	1	9	63
220473	0	7	2	3	0	3	11	0	0	0	7	8	1	0	1	0	9	52
220460	0	1	1	1	0	2	9	0	1	0	22	12	3	0	2	1	6	61
220489	0	1	2	2	0	3	12	0	1	0	17	16	1	0	1	0	12	68
220516	0	1	1	2	0	2	11	0	0	0	14	11	2	0	0	0	11	55
242475	0	9	1	2	0	1	10	0	1	0	4	2	0	0	1	0	15	46
220478	0	4	1	1	0	1	4	0	2	0	5	5	1	0	1	0	13	38
242470	0	1	0	1	0	3	10	0	0	0	21	20	2	0	1	0	8	67
288032	0	3	2	1	0	1	9	0	0	0	25	24	2	0	1	0	9	77
220465	0	0	0	2	0	1	5	0	0	0	26	23	0	0	2	0	12	71
242127	0	2	0	3	1	2	12	0	0	0	13	11	0	0	1	0	18	63
220486	0	5	3	3	1	2	12	0	1	0	5	3	2	0	1	0	15	53
220466	0	2	1	1	0	0	5	0	0	0	8	5	1	0	1	0	11	35
220434	0	1	1	4	1	3	13	0	0	0	10	14	0	0	1	0	12	60
220483	0	2	1	3	1	2	11	0	0	0	14	14	0	0	1	0	19	68
242561	0	1	0	3	1	2	10	0	0	0	8	7	0	0	1	0	13	46
242179	0	4	1	1	0	2	10	0	0	0	16	16	2	0	2	1	10	65
220455	0	2	1	3	1	2	11	0	1	0	15	12	0	0	1	0	17	66
242178	0	2	1	3	1	2	11	0	1	0	15	10	0	0	1	0	17	64
242488	0	4	0	1	0	0	4	0	0	0	17	5	1	0	2	1	9	44
220474	0	2	1	3	1	2	11	0	1	0	14	14	0	0	1	0	17	67
242386	0	2	0	1	0	0	7	0	1	0	21	18	1	0	1	0	7	59
220427	0	3	0	1	0	0	4	0	0	0	16	9	1	0	1	0	8	43
242384	0	1	1	1	0	1	8	0	0	0	29	24	0	0	2	1	12	80
242419	0	2	0	1	0	0	3	0	0	0	11	7	1	0	1	0	8	34
220417	0	3	2	1	0	1	6	0	0	0	17	12	1	0	1	0	12	56
242396	0	4	2	3	0	0	9	0	0	0	10	14	3	0	1	0	10	56
242285	0	5	1	3	1	2	10	0	1	0	15	12	0	0	1	0	18	69
242210	0	2	0	1	0	0	5	0	0	0	13	7	0	0	1	0	5	34
242228	0	2	2	1	0	1	8	0	0	0	16	18	1	0	2	1	10	62
220480	0	2	1	3	1	2	11	0	1	0	14	14	0	0	1	0	18	68
220439	0	3	2	1	0	2	4	0	0	0	7	1	0	0	2	1	13	36
220459	0	3	1	3	1	3	12	0	1	0	16	11	0	0	1	0	10	62
220394	0	6	2	2	0	4	12	0	1	0	9	9	1	0	2	1	15	64
220513	0	2	1	1	0	1	8	0	0	0	13	6	2	0	1	0	5	40
242522	1	4	2	1	0	0	1	0	2	0	12	8	1	0	1	0	11	44
242490	0	2	3	3	1	3	15	0	1	0	0	0	1	0	1	0	15	45
242402	0	8	1	2	1	3	13	1	1	0	20	18	3	0	1	0	15	87
220508	0	3	1	1	0	4	11	0	0	0	14	22	2	0	2	1	11	72
220414	0	7	2	2	0	1	7	0	0	0	9	3	2	0	1	0	8	42
220448	0	2	1	2	0	2	5	0	0	0	11	3	1	0	1	0	11	39
220408	0	7	3	3	1	2	14	0	1	0	5	4	2	0	1	0	20	63
242390	0	5	3	3	1	2	16	0	0	0	9	3	2	0	1	0	15	60
242480	2	5	2	1	0	0	3	0	1	0	9	10	2	0	1	0	11	47
242108	0	3	2	1	0	1	10	0	0	0	7	5	1	0	2	1	13	46
242532	0	3	2	2	0	4	14	0	0	0	17	13	1	0	1	0	11	68
242169	0	3	2	2	0	4	14	0	0	0	17	12	1	0	1	0	11	67
242085	0	3	2	2	0	4	14	0	0	0	18	14	1	0	1	0	11	70
242191	0	3	2	2	0	4	14	0	0	0	17	13	1	0	1	0	11	68
242114	0	4	1	1	0	1	8	0	0	0	6	2	2	0	1	0	7	33
242305	0	3	2	2	0	4	15	0	1	0	21	18	2	0	1	0	12	81
220511	0	2	2	1	0	1	7	0	0	0	19	19	1	0	2	1	8	63
242223	0	3	2	2	0	4	15	0	1	0	21	17	2	0	1	0	12	80
220395	0	2	0	0	0	2	10	0	0	0	14	15	1	0	2	1	11	58
220425	0	7	0	1	0	0	3	0	0	0	8	18	2	0	1	1	12	53
242119	0	5	2	1	0	1	4	0	1	0	20	10	2	0	1	1	12	60
220499	0	3	1	1	0	0	5	0	0	0	6	4	1	0	1	0	6	28
242397	0	4	1	1	0	0	2	0	2	0	12	10	1	0	1	0	10	44
242546	0	0	1	2	0	1	11	0	1	0	17	17	2	0	1	0	8	61
220510	0	5	1	1	0	0	7	0	0	0	46	36	2	0	1	0	15	114
220504	0	5	1	4	1	3	11	0	0	0	6	3	2	0	1	0	14	51
220462	0	1	1	1	0	0	4	0	2	0	23	11	1	0	1	0	17	62
220463	0	3	2	1	0	1	5	0	1	0	36	29	1	0	1	1	22	103
242350	0	1	2	1	0	1	3	0	0	0	20	12	1	0	1	0	11	53
242521	0	3	3	3	1	4	13	0	0	0	18	15	2	0	1	0	13	76
220477	0	3	1	1	0	4	6	0	3	0	10	5	2	0	1	1	10	47
220456	0	8	2	2	1	3	12	0	1	0	2	0	3	0	1	0	14	49
242378	0	1	1	2	0	0	4	0	0	0	10	4	0	0	1	1	9	33
242412	0	1	2	3	0	2	19	0	0	0	6	4	2	0	1	1	15	56
220409	0	2	2	1	0	1	9	0	0	0	22	21	1	0	2	1	11	73
220451	0	3	0	1	0	2	5	0	0	0	34	15	0	0	1	1	16	78
242215	0	1	2	1	0	1	3	0	0	0	18	13	1	0	1	0	11	52
242222	0	3	2	3	1	2	13	0	0	0	12	14	3	0	1	0	16	70
220396	0	6	0	1	0	0	5	0	4	0	12	8	2	0	1	1	17	57
220393	0	2	1	1	0	0	3	0	1	0	17	10	1	0	1	0	11	48
242182	0	3	1	1	0	0	6	0	1	0	17	9	1	0	1	0	12	52
242312	0	3	2	1	0	1	5	0	0	0	3	2	2	0	1	0	6	26
242478	0	2	3	2	0	2	11	0	0	0	13	9	0	0	1	0	10	53
242474	0	1	2	1	0	1	4	0	0	0	16	9	1	0	1	0	11	47
220518	0	1	2	1	0	1	4	0	0	0	16	9	1	0	1	0	11	47
242440	0	9	3	2	0	1	13	0	1	0	17	10	2	0	1	0	12	71
220457	0	2	1	1	0	0	6	0	0	0	20	8	1	0	1	1	15	56
220494	0	2	1	1	0	1	3	0	2	0	16	4	1	0	1	0	13	45
242501	1	4	2	2	0	1	10	0	0	0	6	1	1	0	1	0	15	44
242233	0	3	1	2	0	1	10	0	1	0	9	8	4	0	1	0	11	51
242441	0	8	1	1	0	0	9	0	0	0	41	31	2	0	2	1	10	106
242173	0	3	2	1	0	1	6	0	0	0	7	7	0	0	1	0	5	33
220472	0	3	2	4	1	4	20	0	0	0	13	10	0	0	1	0	14	72
220481	0	6	1	3	0	1	9	0	1	0	5	2	1	0	1	0	11	41
220452	0	6	2	2	0	2	10	0	1	0	7	2	2	0	1	0	10	45
220405	0	2	0	2	0	3	10	0	2	0	14	11	1	0	1	0	17	63
242205	0	11	2	3	0	2	14	1	3	0	14	13	4	0	1	0	19	87
242234	0	6	3	3	1	2	11	0	1	0	4	4	2	0	1	0	12	50
220404	1	3	2	4	1	4	13	1	2	0	8	6	2	0	2	1	18	68
220437	0	4	1	1	0	3	7	1	1	0	9	7	2	0	1	1	9	47
220501	1	5	2	4	1	4	13	1	2	0	8	6	2	0	2	1	18	70
242340	1	3	1	3	1	1	8	1	2	0	1	1	1	0	1	1	13	39
242310	2	4	2	1	0	0	3	0	1	0	6	9	2	0	1	0	11	42
242515	0	2	2	3	1	3	13	0	0	0	8	8	1	0	2	1	20	64
220479	0	1	2	1	0	1	3	0	0	0	18	13	1	0	1	0	11	52
220622	0	1	2	1	0	1	3	0	0	0	16	9	1	0	1	0	11	46
242096	0	4	0	2	0	2	11	0	1	0	10	3	2	0	1	0	16	52
242143	2	4	1	1	0	0	3	0	1	0	11	10	2	0	1	0	11	47
242298	0	4	1	1	0	1	9	0	2	0	35	18	1	0	2	1	14	89
220613	0	2	3	1	0	1	8	0	0	0	15	10	1	0	2	1	11	55
242080	0	5	1	4	1	3	11	0	0	0	6	3	2	0	1	0	14	51
242383	0	5	1	4	1	3	11	0	0	0	6	4	2	0	1	0	13	51
242331	0	5	1	4	1	3	11	0	0	0	6	4	2	0	1	0	14	52
242357	0	4	2	2	0	1	9	0	1	0	26	12	2	0	1	0	14	74
220644	0	1	0	1	0	0	5	0	1	0	11	4	2	0	2	1	12	40
220675	0	6	3	3	1	3	11	0	1	0	4	3	2	0	1	0	13	51
220654	0	4	2	1	0	1	3	0	3	0	20	11	2	0	1	0	10	58
242149	0	4	2	2	0	1	12	0	0	0	2	0	1	0	1	0	10	35
220643	0	2	1	2	0	2	9	0	0	0	13	7	2	0	0	0	7	45
252178	0	3	0	1	0	1	3	0	0	0	9	4	1	0	0	1	8	31
287948	0	2	1	1	0	0	5	0	2	0	16	10	1	0	1	0	11	50
242141	0	6	2	2	0	4	13	0	1	0	2	0	2	0	1	0	11	44
220637	1	5	2	4	1	4	13	1	2	0	8	6	2	0	2	1	18	70
220630	1	3	1	4	1	3	7	1	2	0	3	1	1	0	2	1	10	41
288231	1	10	1	1	0	0	9	0	0	0	40	26	3	0	2	1	12	106
242176	0	9	3	2	0	1	14	0	1	0	15	8	2	0	1	0	13	69
242253	0	3	0	1	0	2	6	0	0	0	8	2	2	0	1	0	7	32
242502	0	4	1	1	0	0	3	0	3	0	22	8	2	0	1	1	19	65
242557	0	1	1	1	0	0	4	0	0	0	29	12	1	0	1	2	15	67
242266	0	2	1	1	0	0	4	0	0	0	8	5	2	0	1	0	13	37
252172	0	1	1	2	0	1	8	0	1	0	28	19	5	0	1	0	5	72
242464	0	3	3	3	1	4	13	0	0	0	15	12	2	0	1	0	12	69
242428	0	6	2	1	0	1	4	0	2	0	20	11	1	0	1	0	9	58
242240	0	4	1	3	0	1	13	0	3	0	6	1	2	0	1	0	12	47
242426	0	2	0	1	0	2	7	0	3	0	19	9	2	0	1	1	14	61
242491	0	3	2	3	1	3	15	0	2	0	13	10	1	0	1	0	16	70
220648	0	2	1	1	0	0	3	0	0	0	11	3	2	0	1	0	11	35
220677	0	1	0	1	0	3	14	0	1	0	8	4	1	0	1	0	15	49
242344	0	3	2	2	0	4	17	0	1	0	12	9	2	0	2	1	15	70
242265	0	3	2	2	0	3	17	0	1	0	12	9	2	0	2	1	16	70
220624	0	4	2	2	0	2	11	0	0	0	13	10	2	0	1	0	13	60
288277	0	2	2	2	0	3	13	0	1	0	7	5	1	0	1	1	14	52
242352	0	6	1	1	0	0	3	0	1	0	29	11	1	0	2	1	15	71
220620	0	6	1	1	0	0	3	0	1	0	31	13	1	0	2	1	16	76
242318	0	3	1	2	0	1	10	0	0	0	15	11	3	0	1	0	9	56
242543	0	5	1	3	0	3	15	0	1	0	12	13	3	0	1	0	16	73
220612	0	14	4	4	2	4	16	0	2	0	3	0	3	0	1	0	13	66
288266	0	1	1	1	0	1	5	0	1	0	12	8	1	0	1	0	16	48
242545	0	3	2	1	0	1	5	0	2	0	29	20	0	0	2	0	13	78
242213	0	2	1	1	0	1	3	0	2	0	24	12	1	0	1	0	15	63
220619	0	1	1	1	0	1	3	0	0	0	18	12	1	0	1	0	11	50
242513	0	1	1	2	0	3	4	0	0	0	7	4	0	0	1	0	8	31
220651	0	2	3	3	2	2	15	0	1	0	5	1	2	0	1	0	19	56
220635	0	4	3	3	0	2	19	0	1	0	3	1	1	0	1	0	13	51
288306	0	5	1	1	0	0	6	0	1	0	46	35	2	0	1	0	14	112
287981	0	5	1	1	0	0	6	0	1	0	48	34	2	0	1	0	15	114
220652	0	3	0	1	0	0	1	0	0	0	3	0	1	0	1	1	4	15
242433	0	1	1	2	0	1	7	0	1	0	12	7	0	0	1	1	10	44
242530	0	9	3	2	0	1	13	0	1	0	12	7	2	0	1	0	11	62
252167	0	4	1	1	0	2	6	0	2	0	30	23	0	0	2	1	17	89
220647	0	11	3	2	0	1	14	0	1	0	12	8	2	0	1	0	13	68
242528	0	5	0	1	0	0	4	0	0	0	35	24	1	0	1	0	13	84
220639	0	6	1	3	1	2	23	0	1	0	12	4	2	0	1	0	20	76
220674	1	5	2	2	0	1	13	0	0	0	6	4	2	0	1	0	18	55
220669	0	4	1	2	1	3	11	0	1	0	15	15	0	0	1	0	10	64
220659	0	3	3	3	1	4	14	0	0	0	16	14	2	0	1	0	13	74
242204	0	2	1	2	0	1	8	0	1	0	28	29	2	0	2	1	10	87
242442	0	2	0	1	0	0	4	0	0	0	23	12	0	0	2	0	12	56
242511	0	10	1	4	1	4	14	0	1	0	18	34	2	0	1	0	16	106
288254	0	5	1	1	0	1	10	0	3	0	16	13	2	0	1	0	14	67
242547	0	3	1	1	0	4	11	0	0	0	17	24	2	0	2	1	11	77
242388	0	12	2	2	0	4	14	0	2	0	9	6	4	0	1	0	32	88
242217	0	2	2	1	0	1	8	0	0	0	14	15	1	0	2	1	11	58
242161	0	6	0	1	0	1	6	0	0	0	12	5	1	0	1	0	5	38
156518	0	6	0	1	0	2	7	0	0	0	8	6	1	0	1	1	9	42
220661	0	1	1	1	0	1	10	0	0	0	17	14	3	0	2	1	14	65
262873	0	6	2	2	0	4	12	0	1	0	9	10	1	0	2	1	15	65
227514	0	1	1	1	0	1	7	0	0	0	9	10	1	0	2	1	12	46
227515	0	3	0	1	0	3	9	0	0	0	21	19	2	0	1	0	8	67
227523	0	3	1	0	0	2	4	0	0	0	3	3	0	0	0	0	6	22
253676	0	4	0	1	0	2	6	0	0	0	6	2	0	0	1	1	6	29
227520	0	3	1	2	0	0	8	0	2	0	9	2	1	0	1	0	16	45
227516	0	1	1	1	0	1	7	0	0	0	6	6	2	0	2	1	2	30
227517	0	3	2	2	0	2	8	0	0	0	27	17	2	0	1	0	8	72
227522	0	1	3	3	0	3	15	0	1	0	2	2	1	0	1	1	8	41
227518	1	6	2	2	0	1	12	0	0	0	4	2	2	0	1	0	18	51
227524	0	6	1	1	0	0	8	0	2	0	13	6	3	0	1	0	10	51
220653	0	8	0	2	0	2	6	0	0	0	10	7	2	0	1	1	8	47
220676	0	3	3	3	1	2	16	0	1	0	0	0	1	0	1	0	16	47
242054	0	6	4	3	1	5	14	0	1	0	8	6	1	0	1	0	13	63
227525	0	1	1	2	0	1	10	0	0	0	26	12	0	0	2	1	15	71
227521	0	1	2	1	0	1	7	0	0	0	24	8	1	0	1	0	3	49
221052	0	5	0	2	0	1	5	0	0	0	13	13	1	0	1	0	9	50
288271	0	2	1	2	0	0	16	0	0	0	5	1	2	0	1	0	11	41
242048	0	1	1	2	0	1	8	0	2	0	13	11	0	0	2	0	11	52
242043	0	0	1	2	0	1	8	0	1	0	19	14	1	0	1	0	14	62
242046	0	1	0	1	0	0	2	0	1	0	19	19	0	0	1	0	13	57
242059	0	9	2	3	0	6	22	0	1	0	14	9	2	0	1	0	20	89
242055	1	5	0	1	0	0	4	0	0	0	29	24	2	0	1	1	13	81
242044	1	5	0	1	0	0	4	0	0	0	34	27	2	0	1	1	13	89
242053	0	3	0	2	0	1	8	0	1	0	9	3	1	0	1	0	17	46
242056	0	4	1	1	0	2	10	0	1	0	15	10	1	0	1	0	13	59
288229	0	1	2	1	0	1	4	0	0	0	15	8	1	0	1	0	11	45
242050	0	6	2	4	1	5	12	0	0	0	11	4	2	0	2	1	22	72
242061	0	2	1	3	0	1	12	0	0	0	11	8	3	0	1	0	10	52
242052	1	11	1	3	0	3	14	0	1	0	13	47	2	0	1	0	16	113
242042	0	1	1	3	0	2	13	0	1	0	13	6	2	0	1	0	9	52
242049	0	2	1	1	0	1	3	0	2	0	24	13	1	0	1	0	14	63
242057	0	5	2	3	0	1	17	0	1	0	12	9	2	0	1	0	14	67
287983	0	4	2	2	0	3	12	0	2	0	17	13	1	0	1	0	15	72
226542	0	1	1	2	0	1	12	0	2	0	10	8	1	0	1	0	13	52
226565	0	2	1	1	0	0	10	0	0	0	10	6	1	0	1	0	11	43
220593	0	1	2	0	0	1	8	0	0	0	16	17	1	0	2	1	10	59
288003	0	3	1	2	0	1	14	0	1	0	14	4	2	0	1	0	18	61
226552	0	4	1	1	0	1	5	0	0	0	13	7	2	0	1	1	19	55
226540	0	2	3	2	0	2	11	0	0	0	13	10	0	0	1	0	10	54
226550	0	5	0	1	0	1	7	0	0	0	7	8	1	0	1	0	8	39
287993	0	10	2	3	0	3	16	1	2	0	15	9	3	0	1	0	22	87
288255	0	1	2	1	0	3	13	0	0	0	12	7	0	0	1	0	4	44
226541	0	10	2	2	0	1	23	0	1	0	8	2	3	0	1	0	26	79
226545	0	11	2	2	0	0	5	0	2	0	16	15	2	0	1	0	16	72
226561	0	4	2	2	0	1	8	0	0	0	10	10	3	0	1	0	11	52
226562	0	3	0	3	0	3	13	0	0	0	38	18	1	0	1	0	22	102
288158	0	6	1	2	0	1	13	0	2	0	29	19	3	0	2	0	28	106
288256	0	5	1	2	0	1	8	0	1	0	25	16	1	0	2	0	36	98
226559	0	0	0	1	0	2	3	0	1	0	0	0	0	0	0	0	5	12
226553	0	0	1	1	0	1	0	0	1	0	0	0	0	0	0	0	4	8
288037	0	0	0	1	0	0	0	0	0	0	1	0	0	0	0	0	3	5
219824	0	2	0	2	0	1	8	0	1	0	1	0	0	0	0	0	6	21
220581	0	0	0	1	0	1	0	0	0	0	0	0	1	0	0	0	1	4
226554	0	0	1	1	0	1	5	0	0	0	3	2	0	0	1	0	2	16
226549	0	0	1	1	0	1	5	0	0	0	3	2	0	0	1	0	2	16
288194	0	2	0	1	0	2	6	0	0	0	0	0	0	0	1	0	3	15
226551	0	1	0	1	1	1	0	0	0	0	1	1	0	0	1	1	6	14
219822	0	2	0	1	1	1	0	0	0	0	1	1	0	0	1	1	7	16
226556	0	4	1	1	0	2	16	0	0	0	3	1	0	0	0	0	0	28
288182	0	0	0	1	0	0	0	0	0	0	0	0	0	0	0	0	0	1
288308	0	1	0	2	0	0	3	0	2	0	6	4	1	0	1	0	7	27
288286	0	0	0	1	0	2	4	0	0	0	0	0	0	0	0	0	2	9
219828	0	4	0	2	0	0	0	0	0	0	2	1	4	0	1	0	3	17
219830	0	0	0	1	0	0	0	0	0	0	0	0	0	0	0	0	0	1
219829	0	0	0	1	0	0	0	0	0	0	0	0	0	0	0	0	0	1
219837	0	0	0	1	0	0	1	0	0	0	0	0	0	0	1	0	1	4
226557	0	0	0	1	0	0	1	0	0	0	0	0	0	0	1	0	1	4
219833	0	0	0	2	0	0	0	0	1	0	2	3	1	0	1	0	2	12
220597	0	2	0	1	0	0	0	0	2	0	4	2	1	0	1	0	4	17
219834	0	0	0	1	0	0	2	0	0	0	0	0	0	0	0	0	0	3
239248	0	0	0	1	0	0	1	0	0	0	0	0	0	0	0	0	0	2
226544	0	3	1	1	0	2	8	0	0	0	18	10	1	0	1	1	8	54
226548	0	4	0	2	0	0	0	0	1	0	13	6	3	0	1	0	4	34
239247	0	1	0	2	0	2	9	0	0	0	0	0	0	0	1	0	4	19
219835	0	0	0	1	0	0	0	0	0	0	1	0	0	0	0	0	3	5
