genome	339	778	966	1638	1646	1787	2450	2750	2796	2802	2872	2984	3190	3541	3581	
LT629775	0	0	0	0	0	0	0	0	0	0	0	0	0	1	0	
CP021121	0	0	1	0	0	0	0	0	0	0	0	1	0	1	0	
CP009922	0	0	1	0	0	0	0	0	0	0	0	0	0	1	0	
CP011492	0	0	1	0	0	0	0	0	0	0	0	0	0	0	0	
FQ859185	0	0	1	0	0	0	0	1	0	0	0	0	0	0	0	
CP003219	0	0	0	0	0	0	0	1	0	0	0	0	0	0	0	
CP019457	1	0	0	0	0	0	0	0	0	0	0	0	0	1	0	
CP019779	1	0	1	0	0	0	0	0	0	0	0	0	0	1	0	
CP017157	1	0	1	0	0	0	0	0	0	0	0	0	0	1	0	
LT907981	1	0	1	0	0	0	0	0	0	0	0	0	0	1	0	
CP020569	0	0	1	0	0	0	0	0	0	0	0	0	0	1	0	
CP007699	0	0	0	0	0	0	0	0	0	0	0	0	0	1	0	
CP003987	0	0	1	0	0	0	0	0	0	0	0	0	0	1	0	
CP011533	1	0	1	0	0	0	0	0	0	0	0	0	0	1	0	
CP007574	1	0	1	0	0	0	0	0	0	0	0	0	0	1	0	
CP006871	0	0	1	0	0	0	0	0	0	0	0	0	0	1	0	
CP015726	0	0	0	0	0	0	0	0	0	0	0	0	0	0	1	
CP019458	0	0	0	0	0	0	0	0	0	0	0	0	0	0	1	
CP023992	0	0	0	0	0	0	0	0	0	0	0	0	0	0	1	
CP022545	0	0	0	0	0	0	0	0	0	0	0	0	0	0	1	
CP018627	0	0	0	0	0	0	0	0	0	0	0	0	0	0	1	
CP002994	1	0	0	0	0	0	0	0	0	0	0	0	0	0	1	
CP002047	0	0	1	0	0	0	0	0	0	0	0	0	0	0	1	
CP023202	0	0	1	0	0	0	0	1	0	0	0	0	0	0	0	
CP021744	0	0	1	0	0	0	0	0	0	0	0	1	0	0	1	
CP020570	0	0	1	0	1	1	0	0	0	0	0	0	0	1	0	
CM003601	0	0	1	0	0	1	0	0	0	0	0	0	0	1	0	
AP009493	0	0	0	0	0	1	0	1	0	0	0	0	0	0	0	
CP013738	0	0	1	0	0	1	0	0	0	0	0	0	0	1	0	
CP010833	0	0	1	0	0	1	0	1	0	0	0	0	0	0	0	
CP011522	0	0	1	0	0	1	0	1	0	0	0	0	0	0	0	
CP015362	0	0	1	0	0	1	0	0	0	0	0	0	0	1	0	
CP005080	0	0	1	0	0	1	0	1	0	0	0	0	0	0	0	
CP002475	0	0	1	0	0	0	0	0	0	0	0	0	0	1	0	
CP003990	0	0	1	0	0	0	0	0	0	0	0	0	0	1	0	
CP002993	0	0	1	0	0	0	0	0	0	0	0	0	0	1	0	
CM002280	0	1	1	0	0	0	0	1	0	0	0	0	0	0	0	
CP018047	0	0	1	0	0	0	0	0	0	0	0	0	0	1	0	
CM000913	0	0	0	0	0	1	0	0	0	0	0	0	0	0	1	
CM001015	0	0	0	0	0	1	0	0	0	0	1	0	0	0	0	
CP016559	0	0	0	0	0	1	0	0	0	0	1	0	0	0	0	
CM000950	0	0	1	0	0	0	0	1	0	0	0	0	0	0	0	
CP011340	0	0	1	0	0	0	0	1	0	0	0	0	0	0	0	
FR845719	1	0	1	0	0	0	0	1	0	0	0	0	0	0	0	
LN881739	0	0	1	0	0	0	0	0	0	0	0	0	0	1	0	
CP013129	0	0	1	0	0	0	0	0	0	0	0	1	1	1	0	
CP010407	0	0	1	0	0	0	0	0	0	0	0	0	0	0	1	
AP017424	0	1	0	0	0	0	1	1	0	0	0	0	0	0	0	
CP017316	0	0	1	0	0	0	0	0	0	0	0	0	1	0	0	
CP019798	1	0	0	0	0	0	0	1	0	0	0	0	0	0	0	
CP018870	1	0	1	0	0	1	0	0	0	0	0	0	0	1	0	
CP020039	0	0	1	0	0	0	0	1	0	0	0	0	0	0	0	
CP020555	0	0	1	0	0	0	0	1	0	0	0	0	0	0	0	
CP011664	1	0	0	0	0	1	0	1	0	0	0	0	0	0	0	
CP020042	1	0	0	0	0	1	0	1	0	0	0	0	0	0	0	
CM002273	0	0	0	0	0	0	0	1	0	0	0	0	0	0	0	
CM002271	0	0	0	0	0	0	0	1	0	0	0	0	0	0	0	
CP016824	0	0	0	0	0	0	0	0	0	0	0	0	0	1	0	
CP014485	0	0	0	0	0	0	0	0	0	0	0	0	0	1	0	
CP004370	0	0	0	0	0	0	0	1	0	0	0	0	0	0	0	
CP009802	0	0	0	0	0	0	0	0	0	0	0	0	0	1	0	
CP021118	0	0	1	0	0	0	0	0	0	0	0	1	0	1	0	
CM001165	0	1	1	0	0	0	0	1	1	0	0	0	0	0	0	
CP016825	0	0	1	0	0	0	0	0	0	0	0	0	0	0	0	
CP010519	0	0	0	0	0	0	0	0	0	0	0	0	0	0	0	
CP021748	0	0	1	0	0	1	0	0	0	0	0	1	0	1	0	
CP022685	0	1	1	0	0	1	0	1	0	0	0	0	0	0	0	
CP015588	0	0	0	0	0	0	0	0	0	0	0	0	0	0	1	
BA000030	0	1	0	0	0	0	0	0	0	1	1	0	1	0	0	
CP022161	0	0	1	0	0	0	0	0	0	0	0	1	0	0	1	
FN554889	0	1	1	0	0	0	0	0	0	1	1	0	1	0	0	
CP013219	1	0	0	1	1	0	0	0	1	1	1	1	1	0	0	
CP003275	1	1	0	1	1	0	0	0	1	1	1	0	1	0	0	
CP003720	1	1	0	1	1	0	0	0	1	1	1	0	1	0	0	
LN997842	1	0	0	0	1	0	0	0	1	0	1	1	1	0	0	
CP017248	0	0	1	0	0	0	0	0	0	0	1	1	1	0	0	
CM002285	0	1	0	0	0	0	0	0	1	0	1	0	0	0	0	
CP021080	0	0	0	0	0	0	0	0	0	0	1	1	0	0	0	
CP022433	0	0	1	0	0	0	0	0	0	0	0	0	0	0	1	
CP016279	0	1	0	0	1	0	0	0	0	1	1	0	1	0	0	
CP006259	1	1	0	1	0	0	1	0	1	1	1	0	1	0	0	
CP015849	1	1	1	0	1	0	0	0	1	0	1	0	0	0	0	
LN831790	0	0	1	0	0	0	0	0	1	1	0	0	0	0	0	
CP010849	1	0	1	0	0	0	0	0	1	1	1	1	0	0	0	
AL645882	1	1	0	1	1	0	1	0	1	1	1	0	0	0	0	
CP009124	0	0	0	1	1	0	1	0	1	0	0	1	0	0	0	
CM001889	0	1	0	1	1	0	1	0	1	1	0	0	0	0	0	
LT629768	0	0	0	1	1	0	1	0	1	0	0	1	0	0	0	
CP009754	1	0	0	1	1	0	1	0	1	1	0	1	0	0	0	
CP016795	1	0	0	1	1	1	1	0	1	1	0	0	0	0	0	
CP015866	1	1	0	1	1	1	1	0	1	1	0	0	0	0	0	
CP012382	0	1	0	1	1	0	1	0	1	1	0	0	0	0	0	
CP012949	0	1	0	0	0	1	1	0	1	1	0	0	0	0	0	
CP019724	1	1	0	0	1	1	1	0	1	1	1	0	0	0	0	
CP013142	1	0	0	0	0	0	1	0	1	0	0	1	1	0	0	
CP015098	1	0	0	1	0	0	0	0	1	0	0	1	0	0	1	
CP009438	0	0	1	0	0	0	0	0	0	0	0	1	0	1	0	
CM007717	0	0	0	1	0	0	0	0	1	0	1	1	1	0	0	
LT670819	0	0	0	0	0	0	1	0	0	0	0	1	0	0	1	
HE971709	0	1	0	1	0	0	0	0	0	1	1	0	0	0	0	
CP016438	0	0	0	1	0	0	0	0	1	1	1	1	0	0	0	
CM000951	0	1	1	0	0	0	0	0	1	0	1	0	1	0	0	
CP013743	0	0	0	0	1	0	0	0	0	1	0	1	1	1	0	
CP001700	1	0	0	0	0	0	0	0	0	0	0	0	0	0	0	
CP000850	0	0	0	0	0	0	0	0	0	0	0	0	0	0	0	
