Cycle	Time	Temp	A10	B10	C10	D10	E10	F10	G10	H10
1	0	26.9	55237	34670	19443	9157	5203	3896	2735	1588
2	2.6	26.9	54297	34668	19125	9014	5107	3860	2662	1582
3	5.2	26.9	53640	33901	19474	9044	5109	3961	2582	1567
4	7.8	26.9	53549	33893	19442	9001	5094	4002	2552	1718
5	10.4	26.9	53269	34746	19381	9026	5154	3831	2650	1679
6	13	26.9	53286	34012	19550	9311	4976	3897	2676	1708
7	15.6	27	53167	33841	19465	9190	5155	3906	2575	1637
11	189.4	27	39204	22422	8122	5584	2937	1085	782	474
12	192	27	37531	22378	7519	5521	2840	1124	796	445
13	194.6	26.9	37142	22167	7195	5491	2690	1152	761	438
14	197.2	26.9	36857	21295	7107	5308	2660	1053	758	496
15	199.8	27.1	37697	21300	6930	5238	2585	1151	790	418
16	202.4	27.1	36779	20998	6691	5172	2620	1112	776	461
17	205	26.9	37410	20522	6488	5153	2462	1067	712	482
18	207.6	26.9	36535	20704	6289	5002	2490	1006	796	442
19	210.2	27	36715	20553	6107	5000	2372	1089	737	462
20	212.8	27	37057	20516	5879	4825	2333	1080	759	462
21	215.5	27	36858	19631	5921	4776	2288	1083	805	492
22	218	27	36057	19572	5729	4641	2206	1059	808	466
23	220.6	27	36544	19636	5568	4591	2221	1034	803	437
24	223.2	27	35794	19469	5265	4556	2216	1015	811	478
25	225.8	27	36779	19360	5290	4438	2149	1090	735	406
26	228.4	27	36258	19115	5070	4422	2138	1055	777	464
27	231	27	36018	19340	4885	4320	2027	1107	776	453
28	233.6	27	35970	19008	4694	4062	2020	1032	727	445
29	236.2	26.9	35397	18150	4756	4108	2010	1112	857	430
30	238.8	26.9	35369	18301	4575	4110	1934	1101	796	478
31	241.5	27	35574	18391	4569	3969	1848	1079	782	453
32	244.1	27	36334	17937	4449	3875	1939	1029	843	460
33	246.7	27	35631	17557	4320	3978	1832	1055	742	459
34	249.2	27	35876	17073	4244	3757	1721	1025	777	501
35	251.9	27	35729	17129	4215	3835	1829	1070	754	446
36	254.5	27	35672	17523	4226	3699	1750	1102	803	422
37	257.1	27.1	34836	16506	4206	3632	1703	1064	813	464
38	259.7	27.1	35576	16827	4079	3528	1639	1070	790	458
39	262.3	27.1	35801	16507	4122	3401	1591	1043	761	437
40	264.9	27.1	35076	16254	4085	3483	1610	1064	769	468
41	267.5	27	35218	16212	4077	3394	1532	1030	772	441
42	270.1	27	34874	15673	4042	3415	1493	1071	751	467
43	272.7	27.1	34462	15765	4074	3410	1476	1045	800	493
44	423	27	13394	2787	764	473	251	395	404	240
45	425.6	27	11614	2570	666	493	255	446	395	237
46	428.2	27	10651	2359	636	435	220	400	410	231
47	430.8	27	9341	2108	600	491	241	421	375	244
48	433.4	27.1	8434	1937	606	457	242	418	438	219
49	436	27.1	7481	1646	580	467	238	399	443	247
50	438.6	27.1	6584	1544	511	431	225	397	433	249
51	441.2	27.1	5824	1368	558	414	225	415	398	227
52	443.8	27	5193	1178	547	414	215	419	399	225
53	446.5	27	4773	1126	508	468	218	407	426	251
54	449.1	27.1	4056	994	512	431	201	403	408	226
55	451.7	27.1	3577	924	535	422	242	419	381	261
56	454.3	27.1	3149	868	481	419	201	456	394	224
57	456.9	27.1	2779	819	507	437	220	394	413	259
58	459.5	27.1	2573	742	480	442	203	420	402	222
59	462.1	27.1	2129	723	495	437	224	426	406	232
60	464.7	27.1	1899	691	478	422	219	439	382	222
61	467.3	27.1	1737	676	510	413	218	396	427	245
62	469.9	27.3	1610	643	525	439	204	441	406	226
63	472.5	27.3	1473	655	480	449	235	410	393	259
64	475.2	27.1	1288	569	518	453	230	423	373	253
65	477.7	27.1	1255	545	521	426	219	358	399	234
66	480.4	27.1	1164	599	525	418	208	399	416	222
67	482.9	27.1	1068	550	514	477	221	395	429	242
68	485.6	27.1	997	530	473	417	225	430	416	222
69	488.2	27.1	942	497	476	400	205	413	403	227
70	490.8	27	915	578	506	469	181	411	403	247
71	493.4	27	844	533	443	456	238	436	403	247
72	496	27.1	789	520	462	429	229	435	394	255
73	498.6	27.1	788	526	466	402	198	413	383	226
74	501.2	27.1	778	531	485	439	214	421	410	236
75	503.8	27.1	749	495	485	413	210	431	388	257
76	506.4	27.1	749	495	503	427	203	395	396	237
77	509	27.1	741	524	457	400	219	399	414	218
78	511.6	27	727	504	491	449	212	415	381	219
79	514.2	27	723	492	486	416	204	389	400	224
80	516.8	27.1	694	508	443	432	210	408	336	238
81	519.4	27.1	679	497	477	425	193	416	411	233
82	522.1	27.3	673	483	486	462	219	401	397	225
83	524.7	27.3	628	472	452	415	207	377	406	242
84	527.3	27.4	638	491	475	429	205	421	416	231
85	529.9	27.4	593	526	456	458	220	371	400	203
86	532.5	27.1	593	471	495	458	209	410	393	231
87	535.1	27.1	646	491	468	407	217	443	428	266
88	537.7	27.1	604	468	476	440	230	385	431	234
89	540.3	27.1	590	480	486	430	212	391	424	236
90	542.9	27.3	612	463	453	398	209	424	425	228
91	545.5	27.3	601	485	467	436	202	387	418	243
92	548.1	27.1	605	490	439	434	217	438	410	214
93	550.7	27.1	587	465	477	464	220	435	394	249
94	553.3	27.1	593	471	486	444	217	409	418	243
95	555.9	27.1	565	459	482	405	206	421	441	241
96	558.5	27	533	510	453	407	201	399	433	236
97	561.1	27	529	472	451	451	222	457	389	223
98	563.7	27.3	547	493	449	432	220	404	395	235
99	566.3	27.3	518	509	471	388	211	390	419	228
100	568.9	27.3	557	491	502	424	222	391	408	242
101	571.5	27.3	574	467	459	448	211	431	417	237
102	574.1	27.1	515	469	466	402	203	376	441	210
103	576.8	27.1	551	481	472	432	219	446	423	241
104	579.4	27.1	581	473	477	409	210	449	405	230
105	582	27.1	527	479	456	452	217	413	372	239
106	584.6	27.1	552	489	448	393	203	414	377	243
107	587.3	27.1	614	427	463	415	200	408	378	237
108	589.9	27.3	483	455	483	437	241	403	427	233
109	592.5	27.3	580	464	474	413	196	421	409	236
110	595.1	27.1	575	454	452	396	217	425	389	221
111	597.7	27.1	549	480	442	417	192	419	387	216
112	600.4	27.1	498	467	448	427	210	432	412	258
113	603	27.1	504	458	467	412	212	432	413	239
114	605.6	27.1	559	464	497	419	220	409	413	260
115	608.2	27.1	501	446	473	445	229	412	389	245
116	610.9	27.1	535	463	468	438	223	418	385	267
117	613.5	27.1	531	457	479	421	243	414	380	255
118	616.1	27.1	495	480	463	411	229	428	392	276
119	618.7	27.1	536	440	468	409	194	454	381	263
120	621.3	27.3	488	455	484	399	202	467	430	238
121	623.8	27.3	516	481	456	424	207	416	405	241
122	626.4	27.2	534	472	490	445	206	370	413	233
123	629	27.2	499	468	475	427	199	446	367	211
124	631.6	27.1	513	500	482	399	212	433	410	233
125	634.2	27.1	531	462	473	430	221	387	437	228
126	636.8	27.1	521	465	461	415	237	429	415	258
127	639.4	27.1	499	464	494	430	205	418	423	220
128	642.1	27.4	525	494	498	396	224	428	389	249
129	644.6	27.4	488	446	434	431	200	422	361	223
130	647.3	27.1	495	436	495	458	223	427	384	212
131	649.9	27.1	479	426	486	416	215	414	395	232
132	652.5	27.1	502	469	447	428	186	423	391	230
133	655.1	27.1	488	437	443	421	220	420	419	236
134	657.7	27.1	513	478	490	424	217	455	378	250
135	660.3	27.1	486	473	464	447	232	414	425	238
136	662.9	27.4	541	444	466	385	197	417	403	234
137	665.5	27.4	529	477	461	408	207	431	390	212
138	668.1	27.1	480	459	427	427	212	388	394	205
139	670.7	27.1	485	473	427	388	201	441	438	210
140	673.3	27.4	508	426	447	381	248	399	356	267
