Cycle	Time	Temp	Pra0	ProFAr0	Pra25	ProFAr25	Pra50	ProFAr50	Pra75	ProFAr75	Pra100	ProFAr100	Pra0	ProFAr0	P25ra50	ProFAr50	Pra100	ProFAr100
1	0	26.5	891	26243	12661	22596	22492	21218	32639	19938	41872	18337	1073	26581	22946	22262	42158	19759
1	0	26.7	824	25720	12795	22131	22114	21075	32060	20037	41556	18243	1061	25586	22805	21647	41359	19887
2	40.5	26.6	830	26240	12830	21873	22291	21163	31954	20006	42792	18314	1043	25729	22840	21952	40961	19667
2	40.5	26.5	848	25598	12858	21715	22077	21244	32143	19787	40873	18228	1021	25676	22587	21667	41301	19654
3	81	26.6	864	26357	12614	22108	22519	21243	32382	20066	41690	18232	999	25327	22711	21925	40930	19600
3	81	26.6	851	25850	12337	21882	22378	21111	31645	20234	40761	18381	1044	25169	22219	21736	41050	19879
4	423.5	26.7	1031	24494	10920	18276	22410	20895	32161	19967	41918	18212	1168	23175	21978	21772	40922	20129
4	423.5	26.7	997	23815	10655	18017	22273	20209	31733	19476	40352	18078	1126	22312	21363	21322	40942	19220
5	464	26.6	1059	22804	10364	18165	21941	19311	32365	18761	40962	18033	1127	21222	21766	20841	41471	18948
5	464	26.7	1054	22964	10014	17883	21769	19189	31839	19123	41034	17937	1136	21081	21645	20175	41102	18495
6	504.5	26.6	1021	22739	9840	18218	21749	18485	31870	18721	41327	17818	1169	21156	21228	20303	41190	18963
6	504.5	26.7	1023	22434	9621	17852	21676	18061	31639	18713	40827	17640	1123	20263	21327	20176	40938	18752
7	545	26.9	1024	22548	9316	18127	21504	17635	32059	18212	40949	17825	1193	19940	21458	19391	41461	18353
7	545	26.7	1027	22390	9624	17929	21407	18006	31713	18488	40885	17448	1185	19474	20955	19495	41096	18428
8	585.5	26.7	1083	22040	9109	18170	21351	17224	31760	17917	40978	17492	1156	19540	20963	19377	40964	18141
8	585.5	26.9	1064	21708	9200	17960	21387	17240	31094	17923	40453	17237	1168	18816	21161	18914	40508	18062
9	692.3	26.9	1055	21031	8314	17720	21111	16083	30957	17372	40760	16684	1123	17924	20926	18289	40328	18055
9	692.3	27	1056	21014	8439	17745	20997	16263	30990	17486	39929	17019	1157	17600	20199	18268	39554	17988
10	732.8	27	1043	21554	8424	17882	21115	16192	30733	17306	40381	17067	1116	17442	20209	18295	40438	18019
10	732.8	26.9	1080	20939	8417	17516	20624	16203	30783	17094	39978	16836	1098	17731	20317	18102	39730	17820
11	773.4	27	1031	21312	8422	17481	20976	16133	30673	17376	39953	16883	1148	17651	20010	18370	40373	17569
11	773.4	27	1070	21193	8332	17570	20609	15875	30541	17049	40025	17050	1135	17248	20085	18202	39207	17329
12	907	27.1	1030	19870	7715	17242	20287	15415	29940	16403	39019	16245	1095	16173	19387	17660	38506	17318
12	907	27.1	1017	20692	7808	17476	20418	15581	30385	16674	39047	16259	1127	16230	19565	17802	38944	16994
13	947.5	27.1	1022	20619	7438	17732	20321	15612	29835	16592	39331	16387	1158	16214	19499	17832	39075	16909
13	947.5	27	987	20533	7466	17751	20249	15475	29195	16864	39742	16567	1115	16086	19664	17705	38571	17316
14	988	27.1	1016	20523	7191	17431	20148	15434	29564	16639	38930	16405	1141	16159	20070	17600	39030	17212
14	988	27.3	1007	20439	7367	17768	20198	15281	29501	16420	39091	16560	1136	15922	19484	17445	38869	17190
15	1028.5	27.3	1030	20499	7188	17427	20153	15409	29909	16854	39296	16518	1123	15948	19598	17864	38689	17527
15	1028.5	27.1	1028	20384	7130	17602	20022	15473	29595	16327	38607	16285	1175	15892	19394	17611	37877	17297
16	1120.7	27.1	1160	18638	6377	17189	18498	15100	27429	16313	37451	16307	1413	15321	18052	16699	36630	16633
16	1120.7	27.3	1135	18324	6292	16838	18240	15206	27425	16457	36695	16104	1305	14543	18038	16483	36355	16469
17	1161.2	27.1	1148	17676	5934	16126	17524	14996	27115	15994	36491	15638	1288	13964	17695	15891	36199	16058
17	1161.2	27.4	1179	17530	5913	15796	17716	14978	26994	15901	36684	15468	1335	13609	17344	15545	36159	15907
18	1201.7	27.3	1149	17528	5878	15644	17605	15233	26652	15445	36011	15449	1347	13379	16926	15284	35573	15753
18	1201.7	27.4	1182	17345	6053	15554	17476	15174	26412	15311	36544	15474	1298	13528	16961	15374	35392	15594
19	1242.2	27.4	1108	17438	6030	15390	17259	15418	26149	15096	36523	15039	1361	13055	16717	14993	35599	15486
19	1242.2	27.3	1118	17439	6047	15723	17472	15057	26202	15297	36547	15171	1349	12757	16705	15103	34941	15464
20	1282.8	27.3	1160	17845	6156	15459	17353	15330	25959	15043	35547	15050	1392	13118	16675	14902	35254	15721
																		
21	1323.3	27.4	1162	18193	6248	15455	16911	15661	26041	15119	36899	14930	1332	12780	16708	15031	35574	15498
20	1282.8	27.4	1130	17581	6099	15496	17062	15221	25804	15016	36315	14759	1319	12925	16380	14775	35148	15591
22	1424	27.3	1250	17819	6538	14292	16936	15713	26463	15015	35957	14792	1395	12919	17114	14523	34987	15028
21	1323.3	27.4	1206	17879	6209	15259	17114	15339	25950	14825	35640	14763	1316	12880	16761	14884	34947	15188
23	1464.5	27.3	1282	17747	6420	14682	16968	15721	26448	15034	36746	14678	1423	12442	16613	14918	35286	15114
22	1424	27.4	1267	17814	6443	14313	16762	15342	26087	14674	35742	14745	1422	12471	16591	14620	34603	15028
24	1505	27.4	1288	17609	6279	14658	16670	15953	26504	15182	36413	15082	1447	12409	16566	15346	35212	15120
23	1464.5	27.4	1294	17556	6451	14414	16610	15752	26145	14874	36502	14550	1387	12454	16434	14852	34679	15020
25	1545.5	27.4	1364	17843	6428	14754	16808	16460	26186	15670	36529	15372	1443	12323	16539	15217	35352	15559
24	1505	27.4	1276	17494	6389	14608	16790	15959	26216	15118	35500	14907	1400	12192	16372	14882	34602	15077
26	1586	27.5	1324	17972	6415	14893	17087	16235	26627	15685	36289	15555	1425	12631	16678	15103	35195	15602
25	1545.5	27.4	1304	17424	6337	14647	16671	15923	26315	15346	35880	15183	1426	12191	16392	15024	34594	15223
27	1626.5	27.4	1337	18189	6366	14619	16814	16372	26536	15924	36545	15604	1440	12599	16220	15597	35581	15899
26	1586	27.5	1355	17972	6282	14772	16917	16229	26641	15598	36472	15452	1419	12200	16507	15086	34935	15673
28	1667	27.4	1320	17877	6409	15040	17007	16616	26537	16139	36435	15731	1479	12452	16498	15520	35020	16139
27	1626.5	27.5	1354	17593	6341	14375	16751	16257	25862	15972	36243	15649	1486	12357	16287	15180	35063	15900
29	1707.5	27.5	1345	18012	6273	14860	17098	16797	26320	16244	36400	16087	1472	12575	16399	15306	35454	16181
28	1667	27.7	1357	17661	6428	14617	16678	16274	25798	15961	36148	15986	1408	12220	15852	15406	34971	16076
30	1748	27.5	1342	18069	6363	14627	16939	16701	26362	16075	36501	16211	1468	12456	16164	15845	35167	16310
29	1707.5	27.5	1348	17611	6206	14403	16252	16208	26102	15974	36107	15996	1454	12117	16058	15467	34877	16123
31	1788.5	27.7	1351	18022	6319	14832	16943	16689	26394	16399	36627	16563	1541	12689	16239	15790	35390	16437
30	1748	27.4	1344	17636	6355	14473	16829	16602	25581	16102	35852	16048	1467	12466	16132	15519	35207	16507
32	1829	27.7	1335	18279	6425	14680	16964	16869	26404	16530	36683	16547	1487	12679	16503	15781	35097	16633
31	1788.5	27.5	1339	17750	6227	14542	16557	16540	25928	16257	35929	16127	1453	12322	15793	15311	34896	16522
33	1869.5	27.5	1331	17771	6456	14456	16847	16583	25980	16353	36802	16262	1510	12511	15917	15475	35392	16521
32	1829	27.5	1354	17643	6259	14593	16845	16641	25838	16310	36093	16276	1458	12440	15818	15618	34568	16271
34	1910	27.5	1371	18318	6419	14539	16621	16638	25817	16488	35959	16516	1487	12537	15962	15866	35552	16579
33	1869.5	27.7	1318	17453	6259	14342	16631	16463	25841	16276	35522	16231	1488	12397	16052	15500	35271	16681
35	1950.4	27.7	1368	17992	6555	14687	16947	16901	26426	16580	36935	16980	1535	12640	16164	15868	35969	16929
34	1910	27.5	1334	17610	6210	14308	16782	16747	26028	16435	35710	16578	1518	12369	16049	15736	34710	16823
36	1991	27.7	1414	17863	6442	14922	17102	16724	26595	16698	37031	16823	1494	12622	16274	15856	35789	16911
35	1950.5	27.7	1321	17488	6295	14455	16814	16281	26549	16472	36292	16840	1500	12358	15613	15707	34840	16937
37	2031.5	27.7	1362	17814	6483	14672	17148	16861	26697	17041	36964	17176	1538	12689	16395	16106	36005	17063
36	1991	27.7	1389	17762	6449	14275	16950	16489	26464	16710	36730	16826	1529	12397	16006	15811	35395	16952
38	2071.9	27.8	1371	17893	6400	14627	17250	16759	26788	17111	37070	17498	1569	12590	16164	16085	36284	17204
37	2031.5	27.7	1420	17965	6327	14439	16844	16520	26611	16816	36166	16775	1497	12344	15967	15656	35557	16806
39	2112.5	27.7	1378	18187	6459	14496	17380	16752	26662	17202	37098	17407	1502	12577	16107	16234	36127	17745
38	2071.9	27.7	1385	17659	6390	14548	16954	16761	26467	16636	36265	17279	1503	12504	16002	15911	35482	16924
40	2153	27.8	1437	17992	6341	14714	17558	16971	26813	17399	36727	17727	1544	12864	16237	16273	36217	17364
39	2112.5	27.8	1379	17586	6310	14831	17079	16399	26437	16763	36353	16823	1488	12343	16049	16097	35092	17132
41	2193.5	27.8	1414	17893	6472	14660	17506	16835	26956	17101	37156	17385	1549	12777	16392	16087	36514	17431
40	2153	27.8	1375	17680	6411	14554	17177	16584	26549	17161	36370	17297	1525	12589	15946	16109	35758	17149
42	2234	27.8	1404	17663	6495	14948	17444	16581	27047	17417	37599	17558	1555	12689	16270	16377	36025	17676
41	2193.5	27.7	1379	17646	6368	14583	16974	16739	26947	17094	36443	17108	1548	12378	15990	16225	36088	17216
43	2274.5	27.8	1464	17674	6457	14684	17510	16925	27382	17477	37371	17882	1623	12768	16540	16089	36467	17611
42	2234	27.7	1397	17635	6468	14601	17322	16713	26735	17158	37109	17883	1542	12667	15979	16259	35983	17324
44	2315	27.9	1439	18016	6494	14854	17744	16895	27473	17322	37419	17986	1613	12490	16349	16457	37017	17720
43	2274.5	27.7	1455	18015	6351	14995	17362	16607	26407	17330	37140	17729	1559	12320	16110	16087	35902	17411
45	2355.5	27.9	1439	17500	6318	14562	17447	16915	26934	17346	36864	17569	1528	12531	16322	16367	36453	17744
44	2315	27.8	1435	17526	6234	14376	17371	16594	26771	17072	36948	17839	1585	12557	16256	16015	36060	17392
46	2396	27.9	1420	17892	6365	14909	17565	17019	27060	17520	37721	18137	1586	12570	16647	16459	37212	18160
45	2355.5	27.9	1373	17741	6343	14757	17249	16588	26979	17566	36444	17877	1588	12541	16485	16142	36042	17806
47	2436.5	27.8	1487	17838	6352	15103	17553	16955	27418	17775	37642	17973	1531	12856	16472	16363	36970	18152
46	2396	27.8	1379	17711	6382	14564	17567	16710	26897	17395	37766	17819	1596	12437	16369	16080	36187	17815
48	2477	27.8	1414	18046	6364	15104	17855	17037	27658	17506	37385	18276	1572	12723	16961	16455	37749	18324
47	2436.5	27.7	1448	17676	6309	14914	17321	16625	26869	17456	37398	18041	1600	12106	16212	16259	36764	17665
49	2517.5	27.9	1465	18073	6367	15161	17862	16912	27604	17900	38092	18754	1645	12727	17118	16349	37097	18361
48	2477	27.9	1446	18086	6296	14976	17626	16575	27307	17394	37507	18018	1574	12444	16304	16069	36342	17765
50	2558	27.8	1461	17689	6408	15136	18018	16904	27934	18076	37622	18505	1586	12641	16807	16659	37322	18222
49	2517.5	27.9	1391	17824	6391	15040	17437	16716	27458	17604	37772	17974	1517	12451	16488	16047	37030	18158
51	2598.5	27.9	1435	17897	6292	15585	18031	16919	27588	17663	38044	18785	1650	12488	16891	16631	37493	18480
50	2558	27.9	1396	17827	6209	14748	17967	16480	27115	17548	37972	18115	1587	12242	16512	16228	36689	18156
52	2639	27.8	1464	17783	6368	15326	18203	16777	27661	17888	38371	18507	1628	12742	17067	16384	37746	18494
51	2598.5	27.9	1447	17653	6253	15031	17753	16645	27310	17432	37629	18089	1569	12424	16215	16399	37458	18146
53	2679.5	27.8	1435	17597	6316	15189	17789	16857	27896	17957	38742	18417	1651	12745	16868	16566	37894	18703
52	2639	27.9	1418	17597	6402	14987	17775	16330	27509	17551	37313	18236	1598	12537	16441	16228	37293	18591
54	2720	27.9	1516	17984	6274	15278	18490	16941	28099	17960	38587	18507	1637	12524	16764	16596	37483	18554
53	2679.5	27.9	1438	17713	6237	15346	17772	16452	27323	17785	38191	18304	1612	12249	16838	16042	36917	18383
55	2760.5	27.9	1457	17566	6347	15454	18470	16746	28117	18098	39123	18929	1580	12808	17271	16882	37826	18654
54	2720	27.9	1548	17469	6218	15294	17439	16376	27468	17412	37965	18230	1591	12166	16688	16230	37379	18010
56	2801	27.8	1509	17902	6445	15213	18276	16839	28021	17735	39024	18550	1651	12823	17230	16254	37876	18740
55	2760.5	27.9	1463	17502	6125	15569	17641	16435	27150	17593	37773	18343	1595	12434	16811	16416	36790	18294
57	2841.5	28	1541	17799	6289	15525	18317	16809	28072	17898	38898	18512	1619	12568	16979	16553	37770	18935
56	2801	27.9	1469	17535	6224	15384	17963	16310	27739	17428	38614	18464	1560	12163	16559	16383	37505	18705
58	2882	27.9	1500	17736	6349	15619	18318	16666	27980	18116	38982	18626	1606	12723	17068	16430	38610	18696
57	2841.5	28	1498	17502	6328	15467	17997	16496	27013	17528	38059	18515	1576	12213	16861	16399	37600	18426
