Cycle	Time	Temp	A9	B9	C9	D9	E9	F9	G9	H9	A10	B10	C10	D10	E10	F10	G10	H10	A11	B11	C11	D11	E11	F11	G11	H11
1	0	27.4	5643	7021	7895	9200	11296	16782	29730	42234	5963	6687	7677	8906	11246	16561	28261	41282	5529	6508	7148	8781	10998	17326	26926	41447
2	4.1	27.5	5871	7194	7715	9147	11637	16983	29028	41446	5663	6627	7451	8989	11451	17292	27664	40405	5436	6426	7359	8631	11229	17158	27054	41837
3	8.3	27.4	5628	6929	7749	9306	11629	17445	29103	42317	5869	6643	7474	9165	11251	17099	28203	41000	5469	6451	7469	9028	10796	17973	26826	41845
4	12.4	27.5	5857	6772	7782	9173	11463	16876	28767	42096	5706	6419	7341	8708	11340	17347	27875	40301	5543	6560	7519	8554	11115	17466	27389	40604
5	16.5	27.4	5849	7053	7750	9033	11521	17170	29439	41818	5934	6562	7193	8822	11467	16773	27919	41201	5440	6314	7457	8715	11492	17032	26851	40263
6	20.6	27.4	5599	6792	7609	8907	11687	16682	28877	42573	5784	6782	7717	8817	11154	17056	28424	40757	5486	6276	7258	8495	11365	17565	27267	41088
7	24.8	27.4	5602	6928	7855	9384	11270	17371	28892	41679	5846	6562	7909	8895	11327	16854	28064	40320	5577	6572	7421	8594	11369	17179	27420	41294
8	28.9	27.5	5591	6725	7629	9038	11516	17128	28935	41682	5888	6496	7677	8854	11685	17263	28105	40593	5487	6374	7332	8606	11293	17652	27825	41926
9	33	27.5	5630	7008	7921	9334	11656	17226	29378	42138	5753	6603	7565	8702	11125	17191	27723	39743	5376	6318	7621	8984	11311	17161	27088	42265
10	37.1	27.5	5735	7247	7824	9348	11577	16727	28790	42563	5930	6650	7748	8896	11159	16749	28048	40890	5807	6480	7554	8695	11426	17663	27464	41114
11	41.2	27.4	5684	6942	7882	9164	11674	16797	28853	41751	6039	6789	7196	8936	11378	17169	28039	41510	5387	6340	7114	9232	11345	17347	27315	41972
12	45.4	27.5	5654	7041	8100	9128	11454	17340	29362	42570	5700	6470	7629	9169	11245	17375	27563	41040	5469	6245	7760	8923	11367	17423	27209	41348
13	49.5	27.5	5773	7005	7512	9468	11966	17115	29515	41468	5779	6635	7437	9073	11777	16850	27559	41135	5499	6740	7497	8996	10980	17626	27017	41486
14	104.7	27.4	5135	6046	7017	7614	9607	14756	25153	36876	5355	5346	6093	7439	8999	14700	24439	37380	5269	5729	6368	7596	9155	14773	24622	38883
15	108.8	27.4	5347	5533	6524	7251	8239	13758	23790	37069	5459	5276	6083	7367	8164	14229	23816	36636	5246	5578	5851	7350	8898	15002	23576	36859
16	112.9	27.5	4906	5507	6250	6608	8392	13399	23005	36125	5476	5273	5834	7066	8067	13450	23279	35411	5171	5598	6202	6764	8416	14452	22916	37338
17	117.1	27.4	4921	5269	6097	6630	7768	13596	23401	35418	5280	5304	5710	6620	7388	12804	22376	35130	4996	5230	5938	6594	7993	13908	22206	36291
18	121.2	27.4	5014	5288	6462	6687	7879	12886	22528	34728	5415	5126	5679	6407	7277	12307	21553	34938	5015	5259	5682	6619	7478	13633	21506	36505
19	125.3	27.4	5052	5288	6236	6499	7370	13100	21876	34727	5161	5313	5399	6178	7261	12091	21691	33907	5051	5225	5569	6219	7514	12857	21081	34769
20	129.5	27.4	5227	5345	5874	6213	7362	12341	21821	34628	5545	5054	5720	6216	6967	11810	21493	34544	5127	5109	5698	5899	7252	11848	20364	34028
21	133.6	27.4	5234	5155	5694	6141	7005	12377	21245	34495	5408	5527	5536	6007	6633	11386	20041	32758	5175	5215	5475	5710	6564	12199	19624	33332
22	137.7	27.4	4961	5182	5982	6412	7138	11818	20690	33352	5290	5104	5462	6103	6825	10812	19446	32790	4911	5093	5402	5636	6789	11580	18433	32278
23	141.8	27.4	5119	5235	5971	6187	6680	11511	20298	33149	5189	5231	5505	5970	6565	10859	19241	31974	5150	5032	5561	5818	6652	10890	17745	31705
24	146	27.4	4915	4810	5837	6133	6549	10996	19717	32766	5126	5085	5330	5922	6274	10432	18741	31500	5056	5022	5410	5759	6241	10876	17842	31097
25	150.1	27.4	5111	5094	5831	5926	6805	10987	19037	31237	5185	5156	5175	5499	5868	10226	18706	30082	4882	4880	5217	5609	6205	10238	17004	30838
26	154.2	27.5	5095	4995	5728	5838	6431	10645	18479	30648	5135	5240	5151	5590	6003	9616	17432	30128	5119	5118	5447	5393	5976	9618	16474	29661
27	158.4	27.4	4991	5057	5622	5852	6342	10071	18511	30649	5407	4991	5459	5620	5874	9533	17010	28624	4976	5129	5322	5517	6130	9614	15927	29391
28	162.5	27.5	5141	5099	5567	5984	6176	9686	18203	30556	5311	5007	5169	5624	5695	9138	16407	28845	4984	5000	5340	5421	5870	9087	14841	27948
29	166.6	27.2	5363	4961	5803	5496	6170	9610	17505	29751	5278	5020	5263	5442	5747	8887	16038	27795	5165	5207	5477	5470	5612	8507	14750	27942
30	170.7	27.4	4982	4978	5625	5656	5956	9581	16570	29176	5210	5199	5174	5570	5699	8706	15849	27050	5237	5068	5209	5278	5824	8309	14053	27710
31	174.9	27.5	5128	5000	5834	5720	6093	8923	16559	29029	5410	5286	5211	5652	5847	8352	15219	26482	4711	4988	5076	5172	5999	8342	13574	26223
32	179	27.5	5027	5147	5416	5682	5906	8862	15679	28716	5030	4979	5211	5416	5460	8104	14484	25671	5073	4926	5112	5149	5389	7650	12832	25904
33	183.1	27.4	4936	5025	5652	5789	5530	8394	15503	27827	5374	5033	5099	5216	5379	7706	14100	25334	5146	5025	4888	5134	5624	7429	12264	24431
34	187.3	27.4	5007	4823	5683	5599	5652	8241	14893	28059	5313	4961	5302	5261	5307	7602	13920	24430	4898	4806	5262	5172	5477	7173	11807	23662
35	191.4	27.4	5027	4988	5406	5599	5745	8095	14925	27118	5252	4998	4999	5178	5362	7053	13582	24037	4860	4947	5221	5094	5544	6995	11448	23419
36	195.5	27.4	5107	5147	5616	5515	5628	7831	13490	26947	5337	4931	5261	5321	5413	7206	12696	23584	4867	5023	5054	5224	5296	7244	11148	23330
37	199.6	27.4	4829	4948	5381	5200	5627	7554	13689	25795	5256	5141	5298	5350	5438	6896	12031	23805	4875	4930	5116	4942	5299	6717	10833	22470
38	203.8	27.5	4930	5120	5337	5275	5514	7387	13341	25666	5189	5057	5377	5135	5568	6556	12276	21833	5065	5144	5303	5109	5328	6555	10359	21489
39	207.9	27.5	5012	5275	5606	5451	5325	7274	12773	25147	5310	5121	5397	5328	5429	6661	11652	21798	4924	4959	5141	5271	5628	6574	9440	21431
40	212	27.5	4909	5028	5603	5343	5306	6737	12423	24198	5326	5220	5401	5426	5226	6461	11567	21542	4867	4920	5274	5006	5327	6481	9103	20853
41	216.1	27.5	4965	5043	5541	5597	5649	6808	12302	24584	5301	4878	5052	5235	5266	6285	10724	20619	5029	4906	5243	5055	5331	6068	9277	20007
42	220.3	27.5	4949	5044	5456	5378	5583	6648	11813	23663	5147	5170	5199	5287	5225	6062	10534	20568	4878	5024	5328	5345	5545	6038	8574	19198
43	224.4	27.4	5051	5199	5498	5321	5272	6255	11509	23009	5274	5104	5407	5275	5366	6334	10302	19926	5062	5008	5133	5022	5312	5809	8300	18673
44	228.5	27.7	4914	5152	5439	5256	5594	6355	11302	22828	5265	4877	5319	5211	5373	5966	9650	19824	4902	5081	4930	5045	5440	5857	8196	18126
45	232.6	27.5	5016	5129	5238	5408	5268	6072	11093	22252	5306	5128	5203	5277	5395	5986	9569	18917	4972	4956	5318	4960	5490	5944	8067	17959
46	236.8	27.4	5253	5048	5488	5399	5474	6092	10567	21990	5279	4956	5263	5267	5087	5626	9114	18291	5058	4904	5052	4984	5276	5766	7334	17926
47	240.9	27.4	4772	5073	5699	5259	5395	5906	10304	20993	5244	5008	5289	5363	5315	5836	8782	18273	4960	4930	5276	5010	5460	5639	7429	16483
48	245	27.4	5010	5250	5489	5370	5794	5882	9726	20703	5290	5093	5475	5442	5463	5627	8677	17932	4963	4758	5254	5196	5496	5707	6957	16097
49	249.2	27.4	5041	4987	5508	5470	5382	5735	9906	20484	5310	5010	5200	5260	5516	5673	8527	16734	5164	5060	5314	4954	5384	5737	6648	16001
50	253.3	27.4	5020	5155	5419	5383	5480	5715	9269	19643	5265	5176	5465	5256	5291	5582	8382	16556	4867	4954	5124	5257	5457	5730	6614	14930
51	257.4	27.5	4934	4935	5496	5377	5587	5504	9201	19378	5100	5137	5158	5363	5255	5783	7862	16195	5042	4825	5472	5237	5444	5576	6406	14387
52	261.6	27.2	5154	4955	5396	5600	5337	5466	8909	18980	5189	5229	4958	5229	5132	5619	7749	15855	5006	5084	5233	5529	5630	5613	6348	14464
53	265.7	27.5	4888	5074	5180	5599	5265	5463	8542	18535	5417	4901	5216	5216	5534	5615	7517	15408	4909	4914	5250	5048	5341	5630	6327	14108
54	269.8	27.4	5024	5005	5655	5339	5335	5258	8521	18034	5117	5000	5183	5633	5226	5630	7277	14878	5110	4925	5334	5142	5361	5517	6473	13216
55	273.9	27.4	4724	5162	5644	5506	5505	5401	8039	17618	4955	4891	5187	5167	5288	5589	7277	14130	5036	5061	5139	5034	5590	5454	6034	12836
56	278.1	27.5	5285	4934	5248	5458	5256	5326	7947	17415	5065	4889	5358	5247	5579	5561	6726	14126	4992	4878	5168	5041	5503	5561	5888	12751
57	282.2	27.5	5158	5072	5405	5518	5407	5540	7787	16821	5205	5070	5091	5042	5292	5450	6468	13691	5006	4944	5128	5028	5523	5433	5711	12217
58	286.3	27.4	5013	4909	5673	5365	5375	5622	7380	16436	5152	5093	5023	5178	5232	5389	6729	13473	4984	5105	5293	5078	5118	5592	5781	11604
59	290.5	27.5	4822	4835	5334	5526	5259	5421	7388	15776	5367	5076	5344	5151	5440	5197	6383	12880	4750	5106	5169	5128	5414	5415	5891	11456
60	294.6	27.5	5266	4957	5680	5449	5334	5411	7001	15491	5162	5120	5143	5029	5435	5392	6154	12453	5008	5027	5152	5026	5328	5352	5587	11238
61	298.7	27.5	4991	5084	5383	5411	5566	5373	7023	15598	5126	4844	5182	5355	5261	5364	6102	12353	5006	4922	5280	5067	5440	5508	5503	10559
62	302.8	27.5	5123	4858	5723	5114	5541	5289	6549	14552	5373	5072	5261	5152	5098	5563	6160	11848	5172	4977	5190	5063	5338	5351	5526	10970
63	307	27.4	4915	5308	5278	5337	5512	5182	6817	14629	5451	5144	5186	5274	5283	5426	5899	11388	5012	4901	5258	5364	5210	5438	5649	9856
64	311.1	27.5	4964	4963	5339	5263	5541	5026	6564	14226	5155	5175	5247	5184	5125	5321	6018	11604	4766	5118	5180	5028	5207	5640	5313	9964
65	315.2	27.4	4955	4925	5413	5257	5372	4964	6790	14036	5254	5075	5235	5416	4967	5276	5985	11191	4915	4961	5338	5079	5383	5465	5390	9706
66	319.4	27.5	4888	5182	5443	5319	5460	5213	6608	13814	5378	4972	5239	4971	5459	5378	5927	10612	5020	5032	5291	5083	5131	5752	5574	9398
67	323.5	27.5	4789	4812	5440	5301	5418	5103	6431	13232	5243	4886	5312	4991	5310	5298	6043	10146	4912	4948	5404	5093	5278	5459	5388	9115
68	327.6	27.5	5150	4981	5475	5517	5535	5323	6207	13060	5149	5011	5274	4969	5480	5455	5745	9930	5006	4995	5385	4880	5291	5406	5397	9048
69	331.7	27.4	5064	5183	5600	5397	5435	5182	6440	12585	5124	5151	5290	5172	5592	5191	5961	9946	4741	5129	4980	5115	5202	5434	5403	8536
70	335.9	27.5	5013	4912	5439	5497	5316	5075	6302	12351	5396	5072	4954	5135	5343	5420	5748	9675	4962	5030	5224	5090	5405	5387	5564	7997
71	340	27.4	4915	4965	5406	5291	5372	5362	6173	12001	5104	4978	5156	5347	5121	5496	5912	9359	4985	4902	5245	5026	5190	5421	5512	8063
72	344.1	27.5	5194	4947	5459	5341	5230	5209	6010	11619	5363	5115	5118	5064	5279	5412	5644	9113	4809	4992	5179	5193	5478	5326	5475	7882
73	348.3	27.4	4813	4900	5702	5303	5391	5359	6009	11178	5227	5129	5300	5263	5322	5495	5812	8477	4742	4724	5252	4918	5464	5206	5292	7599
74	352.4	27.5	5168	5237	5356	5317	5389	4842	6033	10873	5127	4990	5520	5324	5282	5290	5537	8496	4861	5109	5302	5156	5601	5234	5427	7372
75	356.5	27.5	4842	5244	5453	5314	5451	5269	5815	10945	5217	5100	5362	5298	5283	5612	5993	8586	5061	5009	5188	5148	5462	5359	5671	7296
76	360.6	27.5	4905	4974	5415	5253	5437	5295	5566	10604	5422	5144	5418	5048	5326	5325	5804	7790	5096	5215	5257	5188	5342	5363	5448	6740
77	364.8	27.5	4789	5037	5346	5435	5461	5347	5794	10041	5182	5129	5304	5133	5037	5454	5776	7716	4983	5025	5100	5121	5379	5493	5404	7123
78	368.9	27.5	4971	5189	5431	5440	5329	5141	5987	9917	5294	5034	5209	5182	5328	5282	5749	7935	4950	5052	5260	5150	5458	5472	5405	6938
79	373	27.5	5109	5129	5558	5454	5666	5237	5971	9719	5099	5054	5276	5414	5630	5220	5534	7289	4965	4976	5251	5488	5387	5444	5315	6619
80	377.2	27.5	4830	5007	5177	5397	5212	5090	5861	9561	5007	5104	5104	5398	5319	5291	5876	6942	5095	5118	5216	4879	5527	5315	5514	6637
81	381.3	27.5	5124	5238	5539	5207	5369	5218	5630	9120	5212	4950	5168	5217	5203	5252	5448	7070	5098	4861	5158	5132	5426	5489	5228	6358
82	385.4	27.5	4876	4853	5448	5221	5320	5264	5608	9009	4977	4977	5188	5251	5421	5129	5500	6864	4957	4882	5204	5040	5517	5690	5516	6661
83	389.6	27.5	4767	5074	5492	5306	5234	5290	5683	8670	5083	5029	5182	5166	5317	5479	5780	7006	5051	5135	5387	4945	5388	5688	5428	6442
																										
