Cycle	Time	Temp	Scoe0	Scoe1	Scoe5	Scoe10	Scoe15	Scoe20	Scoe50	Scoe100
1	0	28.3	656	592	1364	1850	2389	2895	20006	41294
2	2.4	28.3	643	608	1341	1871	2340	2934	20007	40970
3	4.8	28.2	640	618	1344	1793	2420	2837	20009	42271
4	7.3	28.2	660	609	1301	1791	2386	2970	20214	41804
5	9.7	28.2	658	612	1390	1861	2400	2854	19896	41157
6	12.1	28.2	646	606	1354	1808	2369	2849	20290	41825
7	14.5	28.3	650	630	1384	1797	2413	2924	20585	41411
8	17	28.3	681	625	1352	1804	2413	2872	20742	43398
9	19.4	28.3	688	605	1321	1818	2386	2953	20794	41973
10	21.8	28.3	665	635	1394	1785	2434	2868	20400	43582
11	24.3	28.3	635	612	1349	1860	2440	2845	20590	42714
12	26.7	28.3	663	602	1357	1878	2329	2963	20941	42078
13	29.2	28.3	641	597	1367	1833	2394	2848	21198	42304
14	31.6	28.3	653	619	1422	1919	2465	2930	20676	41749
15	34	28.3	655	620	1346	1875	2450	2884	20924	42426
16	114.4	28.2	693	605	996	1492	1866	2176	20857	44185
17	116.8	28.2	657	615	1003	1562	1843	2150	21242	43610
18	119.2	28.2	656	622	929	1578	1825	2163	21081	44228
19	121.7	28.2	664	623	962	1513	1820	2152	21336	43856
20	133	28.2	619	615	1021	1507	1840	2070	20783	43976
21	135.4	28.2	684	604	896	1495	1772	2083	21487	43421
22	137.9	28.3	643	601	923	1548	1734	2182	21196	43637
23	140.3	28.3	636	620	931	1462	1644	2117	21635	43794
24	142.7	28.4	683	641	983	1517	1737	2170	21484	44073
25	145.1	28.4	627	608	908	1502	1674	2089	21674	44106
26	147.5	28.3	635	609	919	1510	1668	2184	21548	44177
27	150	28.3	649	567	881	1534	1717	2100	21289	43544
28	152.4	28.3	640	571	891	1495	1740	2063	21512	43844
29	154.8	28.3	610	545	841	1475	1658	1969	21583	43567
30	157.2	28.2	611	600	887	1467	1740	2010	21448	43939
31	159.6	28.2	614	559	850	1498	1625	2015	21406	43048
32	162.1	28.3	592	583	797	1468	1609	1933	21638	44671
33	164.5	28.3	602	589	808	1422	1703	1936	21442	44255
34	166.9	28.3	618	611	813	1428	1640	1976	21238	43579
35	169.3	28.3	616	601	841	1451	1649	1915	21456	43074
36	171.8	28.2	604	598	841	1444	1646	1796	21255	43813
37	174.2	28.2	594	581	810	1363	1632	1806	21185	43716
38	176.6	28.3	601	571	764	1383	1569	1724	21339	44425
39	179	28.3	599	567	800	1406	1534	1727	21777	45042
40	181.4	28.3	621	581	766	1390	1536	1743	21696	43670
41	183.8	28.3	614	557	749	1400	1510	1765	21371	44193
42	186.2	28.4	565	567	776	1425	1446	1656	22121	44776
43	188.7	28.4	574	569	672	1361	1444	1605	21443	44937
44	191.1	28.3	588	572	768	1279	1525	1663	21443	44074
45	193.5	28.3	594	570	768	1343	1415	1609	21726	44792
46	195.9	28.3	561	540	743	1312	1489	1595	21400	43752
47	198.3	28.3	609	547	720	1302	1457	1536	21400	44097
48	200.7	28.4	551	543	696	1244	1422	1476	21248	45583
49	203.2	28.4	594	550	681	1289	1417	1461	21152	43486
50	205.6	28.3	560	559	680	1290	1410	1475	21653	44204
51	208	28.3	601	530	706	1267	1435	1438	21637	43971
52	210.4	28.3	607	507	668	1177	1393	1455	21586	44827
53	212.8	28.3	542	555	684	1216	1316	1468	21650	43796
54	215.2	28.4	565	558	686	1125	1314	1386	21303	43893
55	217.7	28.4	568	514	654	1179	1338	1347	21848	43827
56	220.1	28.3	590	534	605	1160	1276	1366	21273	44717
57	222.5	28.3	557	545	637	1162	1235	1261	21436	44348
58	224.9	28.3	558	562	691	1121	1303	1171	21164	44296
59	227.3	28.3	600	528	640	1108	1224	1195	21514	43642
60	229.7	28.3	588	569	671	1090	1199	1114	21398	44054
61	232.2	28.3	564	551	585	1050	1212	1083	21628	44466
62	234.6	28.4	582	540	628	1055	1191	1066	21146	43803
63	237	28.4	561	533	631	1018	1125	1054	21357	43904
64	239.4	28.3	575	559	626	1023	1112	1016	21443	44640
65	241.8	28.3	562	521	610	1007	1124	986	21475	44460
66	244.3	28.3	592	547	600	969	1132	914	21843	44220
67	246.7	28.3	585	563	595	958	1072	906	21862	43744
68	249.1	28.4	592	538	566	893	1032	907	21289	43364
69	251.5	28.4	571	553	572	879	973	826	21277	43824
70	253.9	28.3	551	525	631	871	1023	815	21413	43741
71	256.3	28.3	519	556	656	834	981	770	21248	43938
72	258.8	28.3	548	521	585	862	957	783	21479	43401
73	261.2	28.3	561	558	603	841	924	747	21534	43938
74	263.6	28.4	533	529	612	764	928	749	21684	44218
75	266	28.4	566	531	592	791	917	700	21242	44246
76	268.4	28.3	572	555	613	756	922	719	21490	44543
77	270.8	28.3	563	542	573	776	833	672	21662	44350
78	273.3	28.4	608	545	626	766	839	676	21627	44243
79	275.7	28.4	568	537	624	741	863	665	21212	43639
80	278.1	28.3	561	522	595	739	852	641	21777	43990
81	280.5	28.3	554	569	602	631	804	623	21149	44463
82	282.9	28.3	563	556	618	665	768	613	21246	44062
83	285.4	28.3	586	541	601	688	775	596	21452	43268
84	287.8	28.3	559	519	603	631	769	605	21462	43658
85	290.2	28.3	592	537	620	656	729	604	21457	43672
86	292.6	28.3	567	536	587	666	698	582	21499	43739
87	295	28.3	606	567	604	618	695	602	21154	44245
88	297.5	28.3	559	547	626	598	694	613	21646	44715
89	299.9	28.3	604	569	626	595	652	580	21038	44394
90	302.3	28.3	577	537	578	576	657	556	21160	43593
91	304.7	28.3	548	525	590	577	649	543	21570	44369
92	307.1	28.3	561	526	600	549	633	581	21735	44086
93	309.6	28.3	586	543	608	571	645	532	21322	45036
94	312	28.3	599	545	605	588	638	575	21230	44051
95	314.4	28.3	554	522	603	548	593	550	21630	43682
96	316.8	28.4	579	541	627	572	601	551	21244	44034
97	319.3	28.4	604	513	597	555	579	572	20968	44294
98	321.7	28.4	571	557	599	550	605	554	21511	44110
99	324.1	28.4	589	546	593	536	609	582	21626	43507
100	326.5	28.4	613	536	630	564	590	568	21429	43877
101	328.9	28.4	579	564	608	554	599	556	21196	44426
102	331.3	28.4	552	552	600	597	570	562	21586	43783
103	333.7	28.4	573	521	586	560	559	553	21513	43323
104	336.2	28.3	584	536	617	567	596	561	21363	44140
105	338.6	28.3	617	584	588	542	594	556	21032	43716
106	341	28.4	558	568	581	535	547	562	21320	43897
107	343.4	28.4	586	531	579	547	588	546	21574	43651
108	345.8	28.4	570	571	605	559	542	528	21131	44291
109	348.3	28.4	595	516	578	565	572	554	21575	44211
110	350.7	28.4	601	569	602	564	570	554	21583	43689
111	353.1	28.4	557	545	594	563	580	622	21063	43640
112	355.5	28.3	582	567	625	604	564	566	21265	44193
113	357.9	28.3	557	583	603	531	609	530	21416	43901
114	360.4	28.4	580	544	594	580	605	555	21243	43310
115	362.8	28.4	611	562	613	534	571	549	21368	44290
116	365.2	28.4	570	546	639	561	542	571	21028	44153
117	367.6	28.4	578	503	619	548	558	562	21209	43619
118	370	28.4	585	560	578	535	567	564	21017	43412
119	372.4	28.4	579	527	599	551	579	574	21201	43268
120	374.8	28.4	577	563	591	574	540	574	21458	44576
121	377.3	28.4	566	586	589	565	592	582	21171	43541
122	379.7	28.3	563	559	616	552	568	550	21121	44105
123	382.1	28.3	561	559	599	549	588	596	21274	43395
124	384.5	28.4	566	523	623	561	591	523	21566	43544
125	386.9	28.4	551	476	602	564	596	571	21937	43238
126	389.4	28.4	569	526	612	556	559	597	21048	44378
127	391.8	28.4	596	557	641	557	551	576	21053	44890
128	394.2	28.4	590	556	629	570	568	553	21024	44189
129	396.7	28.4	620	590	607	561	593	561	21302	45247
130	399.1	28.4	591	561	600	552	590	561	21476	43405
131	401.5	28.4	570	555	609	536	549	542	21277	44181
132	404	28.3	610	554	619	544	609	576	21519	44278
133	406.4	28.3	575	543	647	548	567	563	21460	43709
134	408.9	28.4	602	558	614	539	558	601	21381	45013
135	411.3	28.4	617	523	600	550	546	555	21156	44065
136	413.7	28.3	577	544	593	554	571	624	20939	44721
137	416.1	28.3	598	570	602	554	595	550	21554	43348
138	418.6	28.4	552	554	617	578	584	568	21496	43834
139	421.1	28.4	587	562	639	560	597	572	21427	43344
140	423.5	28.4	568	536	624	555	611	550	21201	44257
141	425.9	28.4	592	633	606	577	584	578	21501	43019
142	428.4	28.4	572	541	598	548	548	605	21011	43774
143	430.8	28.4	572	565	591	574	591	579	21368	43995
144	433.2	28.4	595	569	624	549	578	575	21190	45701
145	435.7	28.4	551	567	603	576	573	555	21429	44684
146	438.1	28.4	568	542	587	521	582	562	21783	44001
147	440.6	28.4	571	542	633	569	565	564	21058	44941
148	443	28.3	620	566	609	515	587	583	21274	43359
149	445.4	28.3	584	560	629	529	568	582	21178	44717
150	447.9	28.4	553	538	608	560	572	561	21677	43562
151	450.3	28.4	592	557	606	565	590	570	21785	44492
152	452.8	28.4	590	560	626	550	578	579	21408	43444
153	455.3	28.4	565	557	625	571	605	589	21254	45680
154	457.8	28.3	569	574	631	579	601	549	20819	43022
155	460.3	28.3	576	539	665	542	589	567	21400	43691
156	462.7	28.4	571	548	649	573	556	554	20945	43546
157	465.1	28.4	614	555	607	556	566	556	21146	43489
158	467.5	28.4	583	542	622	551	592	545	21052	43476
159	469.9	28.4	604	586	601	567	565	533	21277	44534
160	472.4	28.4	577	563	651	553	583	572	21465	43764
161	474.8	28.4	601	550	649	568	581	593	21160	43791
162	477.2	28.4	580	538	627	600	555	575	21479	43718
163	479.6	28.4	571	558	613	539	585	583	21682	44940
164	482	28.4	578	564	650	566	556	564	21280	43703
165	484.5	28.4	579	560	628	548	541	581	21167	44129
166	486.9	28.4	607	515	570	538	558	545	21446	43732
167	489.3	28.4	585	554	595	588	567	595	21174	43566
168	491.7	28.3	553	527	604	551	566	586	21367	43993
169	494.1	28.3	585	539	605	552	563	538	21091	43416
170	496.5	28.5	579	537	645	566	540	577	21554	42905
171	499	28.5	578	539	621	531	575	579	21636	43224
172	501.4	28.5	579	544	620	590	581	537	20825	43525
173	503.8	28.5	571	518	609	608	579	562	21170	43962
174	506.2	28.4	576	540	599	545	582	555	21613	44175
175	508.6	28.4	575	562	604	538	590	568	21151	44121
176	511	28.5	571	565	606	522	572	553	21228	44846
177	513.5	28.5	573	512	592	545	566	595	21423	44076
178	515.9	28.4	583	549	636	582	550	572	20836	44183
179	518.3	28.4	591	554	627	555	571	537	21344	43962
180	520.7	28.4	588	513	625	557	580	566	20959	44041
181	523.1	28.4	579	590	612	544	575	555	21420	44397
182	525.5	28.4	570	539	566	558	563	600	21508	43113
183	528	28.4	567	547	603	577	556	558	21417	43532
184	530.4	28.5	592	589	637	568	566	561	21462	43561
185	532.8	28.5	596	541	597	588	545	558	21316	42846
186	535.2	28.5	581	540	606	549	568	585	21459	43042
187	537.6	28.5	573	558	635	525	609	552	20997	44504
188	540.1	28.5	571	550	643	541	564	592	21662	43952
189	542.5	28.5	600	550	616	552	597	547	21119	43758
190	544.9	28.4	596	559	613	568	544	593	21144	44421
191	547.3	28.4	602	551	570	566	585	565	20834	43049
192	549.7	28.4	564	563	606	565	569	595	21658	43963
193	552.1	28.4	601	539	601	578	568	573	21202	43275
194	554.6	28.4	547	559	641	585	552	539	21297	44052
195	557	28.4	605	527	623	582	571	560	21228	43957
196	559.4	28.5	576	546	642	587	561	557	21676	43665
197	561.8	28.5	545	551	621	549	566	553	21469	44637
198	564.2	28.4	580	523	622	561	561	608	21563	43825
199	566.6	28.4	587	515	610	560	577	541	21065	43598
200	569.1	28.5	579	548	584	540	565	548	20925	43834
201	571.5	28.5	578	567	619	578	592	557	21205	42859
202	573.9	28.5	572	549	597	520	576	588	21417	44257
203	576.3	28.5	585	545	625	611	539	568	21411	44575
204	578.7	28.5	591	528	601	568	576	532	21300	43994
205	581.1	28.5	568	522	625	552	559	587	21257	44566
206	583.6	28.5	588	594	592	544	580	579	21504	44450
207	586	28.5	613	529	598	567	555	556	21336	43426
208	588.4	28.4	616	546	661	551	595	560	21654	44008
209	590.8	28.4	590	564	614	528	589	572	21341	42913
210	593.3	28.5	561	544	643	545	567	596	21491	44528
211	595.7	28.5	578	574	595	539	571	596	21276	43884
212	598.1	28.5	591	580	606	551	553	547	21294	43624
213	600.5	28.5	552	565	618	559	530	599	21252	44737
214	602.9	28.4	595	518	605	583	592	592	21164	43499
215	605.3	28.4	585	543	593	557	582	576	21367	45010
216	607.8	28.5	583	539	612	550	566	581	21362	43073
217	610.2	28.5	593	556	585	553	582	554	21378	43655
218	612.6	28.5	592	558	614	591	579	553	20984	44416
219	615	28.5	568	527	580	590	566	540	21626	43757
220	617.4	28.5	538	547	572	546	591	552	21488	44098
221	619.8	28.5	567	529	619	559	584	566	21389	42872
222	622.3	28.4	559	535	613	500	562	564	21518	43921
223	624.7	28.4	560	576	589	555	561	589	21052	43590
224	627.1	28.5	560	575	633	544	571	548	21521	43708
225	629.5	28.5	565	541	591	552	551	587	21570	43431
226	632	28.4	550	544	618	541	569	575	21503	43243
227	634.4	28.4	587	558	592	552	572	539	21312	44246
228	636.8	28.5	598	551	604	547	578	579	21540	44185
229	639.2	28.5	590	545	608	573	561	531	21481	43525
230	641.6	28.5	553	523	589	545	524	545	21176	43239
231	644.1	28.5	587	553	599	590	604	597	21323	42918
232	646.5	28.5	574	551	599	563	558	566	21697	43621
233	648.9	28.5	599	557	626	564	564	582	21691	43813
234	651.3	28.5	569	539	605	535	579	592	21589	43703
235	653.7	28.5	574	525	596	582	548	557	21255	43402
236	656.1	28.4	551	508	580	551	576	566	21645	43176
237	658.6	28.4	579	524	615	539	592	590	21174	43262
238	661	28.4	600	551	614	530	538	549	21125	43287
239										
