Time	UM_100	UM_75	UM_60	UM_50	UM_40	UM_20	UM_10	uM_0
0	0.3862999976	0.3887999952	0.3510999978	0.3874999881	0.3855000138	0.4007000029	0.3542999923	0.4101999998
7.4	0.3874000013	0.3910999894	0.3528000116	0.385800004	0.3853999972	0.3989000022	0.3515999913	0.4054999948
102.5	0.3889999986	0.3962000012	0.3564999998	0.3903999925	0.3824000061	0.4018999934	0.3407999873	0.4079000056
109.9	0.3901000023	0.3989000022	0.3646999896	0.3912999928	0.3777999878	0.3991000056	0.3592999876	0.4070000052
117.3	0.3894999921	0.3989000022	0.3555000126	0.3905999959	0.3759999871	0.4090999961	0.3682000041	0.4054999948
124.8	0.3898000121	0.4018000066	0.3648000062	0.393599987	0.3779999912	0.4176999927	0.366899997	0.4088999927
132.2	0.390899986	0.4013000131	0.3594000041	0.3928000033	0.3855000138	0.40200001	0.3513000011	0.4099000096
139.6	0.3939999938	0.4036999941	0.3531999886	0.3946999907	0.3765999973	0.4117999971	0.3738000095	0.405400008
147.1	0.386500001	0.4061999917	0.3567999899	0.3980000019	0.3813000023	0.4025000036	0.356099993	0.4090999961
154.5	0.391200006	0.4007999897	0.3558000028	0.3932000101	0.3817000091	0.400000006	0.3477999866	0.4058000147
162	0.390899986	0.40200001	0.3542000055	0.3921999931	0.3785000145	0.398999989	0.3501000106	0.4077000022
169.4	0.3896000087	0.4032999873	0.3567999899	0.3925999999	0.3781999946	0.416200012	0.3842999935	0.4049000144
176.9	0.389200002	0.4014999866	0.359100014	0.393900007	0.3840000033	0.4013000131	0.3598999977	0.4075999856
184.3	0.391900003	0.4032000005	0.3668000102	0.3948999941	0.3801000118	0.3986000121	0.3546000123	0.408100009
191.8	0.3916000128	0.402399987	0.3677999973	0.3914000094	0.3768000007	0.407799989	0.3851000071	0.407099992
199.2	0.3930000067	0.4027999938	0.3682999909	0.3916999996	0.3779000044	0.4011999965	0.3720999956	0.4058000147
206.6	0.3916000128	0.402700007	0.3555999994	0.3955999911	0.3774999976	0.3998000026	0.3704000115	0.4070000052
214.1	0.3916000128	0.4034000039	0.34830001	0.3916000128	0.3794000149	0.3982999921	0.3465999961	0.4065000117
221.5	0.3905999959	0.4023000002	0.3626999855	0.3916000128	0.3788000047	0.4029999971	0.3657999933	0.4041000009
229	0.3919999897	0.4013999999	0.3677000105	0.3910999894	0.3783000112	0.4126999974	0.3623000085	0.4059000015
236.4	0.388500005	0.4045000076	0.3628999889	0.3966999948	0.3804999888	0.4156999886	0.3842999935	0.404700011
243.8	0.389200002	0.402700007	0.3560000062	0.3966999948	0.3797000051	0.400000006	0.3463000059	0.4079999924
251.3	0.3910000026	0.4032000005	0.3603999913	0.393900007	0.3788000047	0.4167999923	0.3935000002	0.4061000049
258.7	0.3887000084	0.402700007	0.3684999943	0.3925999999	0.3770999908	0.4025000036	0.3594000041	0.407099992
266.2	0.3910000026	0.4043000042	0.3779000044	0.3919999897	0.3799000084	0.4138000011	0.3786000013	0.4041000009
273.6	0.3887000084	0.4045000076	0.3641000092	0.3941000104	0.3783000112	0.4156999886	0.3878999949	0.4056000113
281	0.3910000026	0.4070000052	0.3348999918	0.3966999948	0.3813000023	0.3980999887	0.3389999866	0.4061999917
288.5	0.3944000006	0.4063000083	0.3571999967	0.3912999928	0.3779000044	0.4025999904	0.3688000143	0.4041000009
295.9	0.3935000002	0.4052999914	0.3644999862	0.3928999901	0.3772999942	0.3973999918	0.3603999913	0.4040000141
303.4	0.3937999904	0.407099992	0.3632000089	0.3970000148	0.3865999877	0.4032999873	0.3443999887	0.4095999897
310.8	0.3898999989	0.4086000025	0.3578999937	0.3984999955	0.3770000041	0.4113999903	0.3799000084	0.407799989
318.3	0.3899999857	0.4054999948	0.3540000021	0.3944000006	0.3828999996	0.4004000127	0.3431999981	0.410100013
325.7	0.3932999969	0.407099992	0.3555999994	0.3966999948	0.377700001	0.4068000019	0.3725000024	0.408100009
333.1	0.3905999959	0.4083999991	0.3585000038	0.3937000036	0.383100003	0.400000006	0.3447000086	0.4077000022
340.6	0.3916999996	0.4083000124	0.3456999958	0.3970000148	0.3828000128	0.3991999924	0.3524999917	0.4070000052
348	0.3892999887	0.4079000056	0.3562000096	0.397300005	0.3768999875	0.4129000008	0.3819999993	0.4086000025
355.5	0.3882000148	0.4023000002	0.3605999947	0.3917999864	0.3786999881	0.4093999863	0.3727999926	0.4066999853
362.9	0.3894999921	0.404399991	0.3483999968	0.3899999857	0.3801000118	0.3991999924	0.3524999917	0.4086999893
370.4	0.3928000033	0.4083999991	0.3573000133	0.3946999907	0.3768000007	0.4095000029	0.3811999857	0.407799989
377.8	0.3916000128	0.410100013	0.3594999909	0.3966999948	0.3776000142	0.4061000049	0.3632000089	0.4059999883
385.2	0.3901000023	0.4056000113	0.3551000059	0.3941000104	0.3792000115	0.407799989	0.3804999888	0.405099988
392.7	0.3905000091	0.407400012	0.3546000123	0.3964999914	0.3801000118	0.397300005	0.3571999967	0.4059000015
400.1	0.3932999969	0.4072000086	0.3637999892	0.3934000134	0.3849000037	0.4011999965	0.344599992	0.4084999859
407.6	0.3916000128	0.4056999981	0.3560000062	0.3932999969	0.3770999908	0.398999989	0.366899997	0.405099988
415	0.3899999857	0.4056000113	0.3616999984	0.3916999996	0.3792999983	0.4142000079	0.3700999916	0.4079000056
422.4	0.3910000026	0.4074999988	0.3546000123	0.3961000144	0.3833000064	0.4007000029	0.3504000008	0.408100009
429.9	0.390899986	0.4081999958	0.364199996	0.3962000012	0.3797000051	0.3975000083	0.3476999998	0.4061999917
437.3	0.3896000087	0.4047999978	0.3441999853	0.3939999938	0.3763000071	0.4104000032	0.3677999973	0.4083999991
444.7	0.3889000118	0.404399991	0.3495999873	0.396299988	0.3790000081	0.4117999971	0.3795000017	0.407099992
452.2	0.388500005	0.405400008	0.3549000025	0.3964000046	0.3750999868	0.3998999894	0.3578000069	0.4072999954
459.6	0.3905999959	0.4045000076	0.3481999934	0.3916000128	0.3795999885	0.4090999961	0.3749000132	0.4025000036
467.1	0.3899999857	0.402700007	0.3553000093	0.393599987	0.3781999946	0.4088999927	0.3749000132	0.4050000012
474.5	0.3890999854	0.4063999951	0.3531000018	0.3971000016	0.3849999905	0.4018999934	0.3562999964	0.4088999927
482	0.3914999962	0.4052999914	0.3621999919	0.3955999911	0.3840000033	0.4016000032	0.3574000001	0.4106000066
489.4	0.3892999887	0.405099988	0.366899997	0.3946999907	0.3765999973	0.4066999853	0.3625999987	0.407400012
496.8	0.391900003	0.4090000093	0.3486000001	0.396299988	0.3799999952	0.4108999968	0.3732999861	0.404700011
504.2	0.3919999897	0.4083000124	0.372299999	0.3957000077	0.3788000047	0.4025999904	0.3738000095	0.404399991
511.7	0.3901000023	0.4068000019	0.3490999937	0.3944000006	0.3767000139	0.3991000056	0.360799998	0.4065000117
519.1	0.3928999901	0.4041999876	0.361499995	0.3953999877	0.385800004	0.4011000097	0.345299989	0.407400012
526.6	0.3901000023	0.4045000076	0.3542999923	0.393900007	0.3770999908	0.4013999999	0.360799998	0.4047999978
534	0.3882000148	0.4070000052	0.3720000088	0.3982999921	0.3749000132	0.4004000127	0.3609000146	0.4079000056
541.4	0.3910000026	0.4063999951	0.3657000065	0.3950000107	0.3790000081	0.404700011	0.3754000068	0.4040000141
548.9	0.3899999857	0.4079999924	0.355399996	0.3982000053	0.3785000145	0.4079000056	0.3646999896	0.4059999883
556.3	0.3923000097	0.4106999934	0.3565999866	0.3968999982	0.3785000145	0.4084999859	0.3707000017	0.4061999917
563.8	0.3919999897	0.4095999897	0.3587000072	0.3935000002	0.3794000149	0.4066999853	0.3688000143	0.4029000103
571.2	0.3899999857	0.4070000052	0.3441999853	0.3975999951	0.3767000139	0.4029000103	0.3632999957	0.4084999859
578.6	0.3905000091	0.4090000093	0.3571000099	0.3957999945	0.3779999912	0.4081999958	0.3790999949	0.4052999914
586.1	0.391900003	0.4081999958	0.3592999876	0.396600008	0.3779000044	0.4095999897	0.3820999861	0.4059000015
593.5	0.3878000081	0.4056000113	0.3657999933	0.4056000113	0.3761000037	0.4106000066	0.3810000122	0.4095999897
600.9	0.3905999959	0.4063999951	0.3549999893	0.3946999907	0.3763999939	0.4056000113	0.3691999912	0.407099992
608.4	0.3903999925	0.407400012	0.3583000004	0.3968999982	0.3835000098	0.400000006	0.353700012	0.4068000019
615.8	0.3890999854	0.4058000147	0.3318000138	0.3943000138	0.3765000105	0.4020999968	0.3646999896	0.402700007
623.3	0.3910999894	0.4047999978	0.3682999909	0.3986999989	0.3776000142	0.4032999873	0.3810000122	0.4090999961
630.7	0.391900003	0.4056999981	0.3641000092	0.393599987	0.3802999854	0.3984000087	0.3443999887	0.4050000012
638.1	0.3903000057	0.4043000042	0.356099993	0.3966999948	0.3763000071	0.3980999887	0.3547999859	0.404399991
645.6	0.3916000128	0.4079999924	0.3468999863	0.3975999951	0.3824000061	0.3995999992	0.344599992	0.4072000086
653	0.3907999992	0.4049000144	0.3686000109	0.3987999856	0.3811999857	0.4002000093	0.3456999958	0.4133000076
660.5	0.3930999935	0.4122000039	0.3634000123	0.397300005	0.3770999908	0.4034999907	0.3736999929	0.4041999876
667.9	0.393900007	0.412499994	0.3578000069	0.3984999955	0.3783000112	0.4043000042	0.366899997	0.4063999951
675.4	0.3921000063	0.4099999964	0.3560000062	0.3977000117	0.3761999905	0.402399987	0.3747999966	0.4065000117
682.8	0.3937000036	0.4072999954	0.3519000113	0.3943000138	0.381099999	0.3986000121	0.3461000025	0.4061999917
690.2	0.3937999904	0.4088999927	0.3609000146	0.3957000077	0.3781000078	0.4059999883	0.3754999936	0.4059999883
697.7	0.3932000101	0.4079999924	0.3680000007	0.3971999884	0.3754000068	0.3995000124	0.3713999987	0.4075999856
705.1	0.3934000134	0.4068999887	0.3727000058	0.393900007	0.3779999912	0.399699986	0.3661000133	0.4034000039
712.6	0.3928999901	0.4063000083	0.3574999869	0.3957000077	0.3785000145	0.4049000144	0.3671000004	0.4056000113
720	0.3916000128	0.4056000113	0.3533000052	0.396600008	0.3765999973	0.398999989	0.3560000062	0.4061000049
727.4	0.3917999864	0.407799989	0.3542000055	0.3982000053	0.3763000071	0.4002000093	0.3605999947	0.4077000022
734.9	0.3905999959	0.4038999975	0.3427999914	0.3964000046	0.3802999854	0.3970000148	0.3501000106	0.4036000073
742.3	0.3894999921	0.4043000042	0.3659999967	0.3980000019	0.3770000041	0.4029000103	0.3698000014	0.405099988
749.8	0.390899986	0.4041000009	0.3612999916	0.3964999914	0.377700001	0.402700007	0.3592000008	0.4061999917
757.2	0.3892999887	0.4050000012	0.3639000058	0.3966999948	0.3754000068	0.4065000117	0.3609000146	0.4090000093
764.7	0.3887999952	0.4068000019	0.3643999994	0.3977000117	0.3747000098	0.3980999887	0.3592000008	0.4072000086
772.1	0.3898999989	0.4031000137	0.3537999988	0.3955000043	0.3794000149	0.399300009	0.3605000079	0.4095000029
779.5	0.3896000087	0.4031000137	0.3610000014	0.397300005	0.3763999939	0.4029999971	0.3713999987	0.4063000083
787	0.3903000057	0.4027999938	0.3632000089	0.4005999863	0.3779999912	0.4020999968	0.372299999	0.4052999914
794.4	0.3907000124	0.4045000076	0.3558999896	0.3978999853	0.3772999942	0.3982999921	0.3551000059	0.4031000137
801.9	0.3919999897	0.4083999991	0.3589000106	0.3982999921	0.3752000034	0.4023000002	0.3524000049	0.4058000147
809.3	0.3912999928	0.4079000056	0.358099997	0.396600008	0.3765999973	0.4084999859	0.3759000003	0.4081999958
816.7	0.3905000091	0.4056000113	0.3619000018	0.3980000019	0.3772000074	0.4025999904	0.3512000144	0.4061999917
824.2	0.3907000124	0.4065000117	0.3576000035	0.3982999921	0.3763999939	0.3984000087	0.3555999994	0.4018999934
831.6	0.3916999996	0.4093999863	0.3634000123	0.3993999958	0.3840999901	0.402700007	0.3443999887	0.4068000019
839	0.3928999901	0.4084999859	0.358799994	0.4000999928	0.3781000078	0.3995000124	0.3519000113	0.4083000124
846.5	0.3926999867	0.4086999893	0.3607000113	0.3968999982	0.3792999983	0.4047999978	0.3759000003	0.40200001
854	0.3921000063	0.4081999958	0.350300014	0.3984999955	0.3840000033	0.402700007	0.3409000039	0.4079000056
861.4	0.393599987	0.4077000022	0.3605000079	0.3991000056	0.3786999881	0.4004000127	0.3697000146	0.4045999944
868.8	0.394600004	0.4072000086	0.3679000139	0.3989000022	0.377700001	0.4065000117	0.3745000064	0.4063000083
876.3	0.3953000009	0.4099000096	0.3657999933	0.3955999911	0.3790000081	0.405099988	0.3616000116	0.4050000012
883.7	0.3932999969	0.4056000113	0.3646999896	0.3959999979	0.3788000047	0.4061999917	0.3716000021	0.4018999934
891.1	0.3923999965	0.407799989	0.3731000125	0.3982000053	0.3774999976	0.400000006	0.3709000051	0.4036000073
898.6	0.3944999874	0.4099000096	0.353399992	0.3964000046	0.3763000071	0.3962000012	0.3526000082	0.4066999853
906	0.3941000104	0.4101999998	0.3635999858	0.3993999958	0.3770000041	0.4000999928	0.3558999896	0.4059000015
913.5	0.3926999867	0.407799989	0.360799998	0.3964999914	0.3826999962	0.4013000131	0.3400999904	0.4102999866
920.9	0.3907000124	0.4061999917	0.361499995	0.3964999914	0.3822000027	0.4022000134	0.3573000133	0.4086999893
928.3	0.391200006	0.4049000144	0.3643000126	0.3961000144	0.3774999976	0.4092000127	0.3819999993	0.4068000019
935.8	0.3899999857	0.4061000049	0.356099993	0.3977000117	0.3761000037	0.3993999958	0.3707999885	0.4063999951
943.2	0.3894000053	0.4054999948	0.350300014	0.3982000053	0.3759999871	0.4004999995	0.3637000024	0.4059999883
950.6	0.3912999928	0.4061999917	0.3833999932	0.3995000124	0.3774000108	0.4052999914	0.3754000068	0.4063999951
958.1	0.3919999897	0.407099992	0.3474000096	0.4011000097	0.3770000041	0.399300009	0.3524000049	0.4018999934
965.5	0.3898000121	0.4079000056	0.3736000061	0.4018999934	0.3777999878	0.407099992	0.3770999908	0.405400008
972.9	0.3923999965	0.4072000086	0.3528999984	0.3991999924	0.3770999908	0.4018999934	0.3616000116	0.4072000086
980.4	0.3928000033	0.4086999893	0.3564999998	0.3991000056	0.3770000041	0.4034000039	0.353399992	0.4047999978
987.8	0.3923000097	0.4077000022	0.3495999873	0.3982000053	0.3770999908	0.4032000005	0.3522999883	0.4036999941
995.3	0.390899986	0.4077000022	0.3648000062	0.40169999	0.3772999942	0.4022000134	0.3637000024	0.4011000097
1002.7	0.3916000128	0.4084999859	0.3655000031	0.4036999941	0.3767000139	0.4038000107	0.3682000041	0.4065999985
1010.2	0.3923000097	0.4095999897	0.3542999923	0.4009000063	0.3774000108	0.4007000029	0.3673000038	0.4059000015
1017.6	0.3925000131	0.4106999934	0.3528999984	0.4007999897	0.3790000081	0.4049000144	0.363499999	0.4065000117
1025	0.3930000067	0.4095000029	0.3535999954	0.3998999894	0.3770000041	0.3998000026	0.3551999927	0.4045999944
1032.5	0.3953000009	0.4079999924	0.3458999991	0.3932999969	0.375	0.4036000073	0.3598999977	0.4068000019
1039.9	0.3903000057	0.4063999951	0.3806000054	0.4009000063	0.3781000078	0.4061999917	0.3799999952	0.4059000015
1047.3	0.3898000121	0.4045000076	0.3512000144	0.4014999866	0.3781999946	0.4086000025	0.3842000067	0.4058000147
1054.8	0.3907999992	0.4052999914	0.3592999876	0.3987999856	0.3785000145	0.4079000056	0.3628000021	0.4059999883
1062.2	0.3916999996	0.408100009	0.3718000054	0.4066999853	0.3763000071	0.4007999897	0.3686999977	0.4099000096
1069.7	0.3905999959	0.4086999893	0.3659000099	0.4034999907	0.3761999905	0.3987999856	0.3589999974	0.4063000083
1077.1	0.3957000077	0.4056999981	0.3680999875	0.3977000117	0.3767000139	0.4056000113	0.3567000031	0.4074999988
1084.5	0.3917999864	0.4081999958	0.3643000126	0.4009000063	0.3770000041	0.4022000134	0.3601999879	0.4066999853
1092	0.3910999894	0.4065999985	0.3519999981	0.399699986	0.3761999905	0.3978999853	0.3630000055	0.4025000036
1099.4	0.3903000057	0.4063999951	0.3657999933	0.3987999856	0.3790999949	0.3964999914	0.3603999913	0.4011000097
1106.9	0.3899999857	0.4075999856	0.3415000141	0.3998999894	0.3772999942	0.3975000083	0.3467000127	0.4077000022
1114.3	0.3930000067	0.4074999988	0.3734999895	0.4011999965	0.3817999959	0.4004999995	0.3612999916	0.41080001
1121.8	0.3928000033	0.4099000096	0.3454000056	0.4036000073	0.3761999905	0.3995000124	0.356400013	0.4074999988
1129.2	0.3928999901	0.4083999991	0.3576000035	0.40169999	0.3770000041	0.398999989	0.3626999855	0.4061999917
1136.6	0.3907999992	0.4077000022	0.3659000099	0.4022000134	0.3754999936	0.3989000022	0.3695000112	0.4036000073
1144.1	0.3912999928	0.4050000012	0.3567999899	0.3975999951	0.3779999912	0.3959000111	0.3562000096	0.4040000141
1151.5	0.390899986	0.407099992	0.3589000106	0.40200001	0.3770000041	0.4049000144	0.3666999936	0.4052000046
1159	0.3901999891	0.4074999988	0.3675000072	0.4059000015	0.3767000139	0.3946999907	0.355399996	0.4068000019
1166.4	0.3930999935	0.4108999968	0.3497999907	0.3982000053	0.3756999969	0.3982999921	0.3614000082	0.4041000009
1173.8	0.3928999901	0.4086999893	0.3691000044	0.4031000137	0.3765999973	0.3987999856	0.3682000041	0.4040000141
1181.3	0.3921999931	0.408100009	0.3704000115	0.4002999961	0.3768000007	0.4009999931	0.3628999889	0.4040000141
1188.7	0.3943000138	0.4086000025	0.3535000086	0.4045000076	0.3772999942	0.4002999961	0.3648000062	0.4063999951
1196.2	0.3917999864	0.4084999859	0.3574999869	0.4011000097	0.3776000142	0.4065000117	0.3734999895	0.4059999883
1203.6	0.3948999941	0.4090000093	0.3600000143	0.3968999982	0.3777999878	0.3995999992	0.3625000119	0.4038999975
1211	0.3932999969	0.4093999863	0.3612000048	0.3993999958	0.3783000112	0.4000999928	0.3600000143	0.4018999934
1218.5	0.3907000124	0.4072999954	0.3458999991	0.4058000147	0.3804999888	0.399300009	0.3517999947	0.4086999893
1225.9	0.3937999904	0.4088999927	0.3601999879	0.3957000077	0.3761999905	0.400000006	0.3555000126	0.4056999981
1233.4	0.3917999864	0.407099992	0.3946999907	0.4004000127	0.3758000135	0.4018999934	0.381099999	0.4050000012
1240.8	0.3937000036	0.4088000059	0.3499000072	0.3971999884	0.3770999908	0.4002000093	0.3573000133	0.4036999941
1248.2	0.3907999992	0.4086000025	0.3646000028	0.4029999971	0.3765000105	0.4004999995	0.3641000092	0.4054999948
1255.7	0.3962000012	0.4075999856	0.3652999997	0.402399987	0.377700001	0.4038000107	0.3727000058	0.4063999951
1263.1	0.3925999999	0.404700011	0.3558000028	0.3950999975	0.380400002	0.3986000121	0.3596999943	0.407799989
1270.6	0.3925000131	0.408100009	0.3601000011	0.4007000029	0.3754000068	0.3944000006	0.3519000113	0.407099992
1278	0.3907000124	0.4054999948	0.3540999889	0.3995000124	0.3774999976	0.3991999924	0.3666000068	0.4049000144
1285.4	0.3921000063	0.4086999893	0.3700999916	0.4020999968	0.3756000102	0.3986999989	0.3463000059	0.405099988
1292.9	0.3921999931	0.4079999924	0.3794000149	0.3993999958	0.3763999939	0.3984000087	0.3691000044	0.4013000131
1300.3	0.3932000101	0.4079999924	0.3601000011	0.4000999928	0.3750999868	0.402700007	0.3510999978	0.4063999951
1307.8	0.3935000002	0.4045999944	0.3628999889	0.3987999856	0.3788999915	0.3971000016	0.3549999893	0.4056000113
1315.2	0.3919999897	0.407099992	0.3492000103	0.4038999975	0.3754000068	0.3980000019	0.3485000134	0.4054999948
1322.7	0.3905000091	0.4083000124	0.3567000031	0.4043000042	0.3765999973	0.4034000039	0.3740999997	0.4045000076
1330.1	0.3932000101	0.4106999934	0.3603999913	0.4047999978	0.3779999912	0.4034000039	0.3670000136	0.4047999978
1337.5	0.390899986	0.4068000019	0.3564999998	0.3991999924	0.3819000125	0.3995999992	0.3522999883	0.4072999954
1345	0.3907000124	0.402700007	0.3652000129	0.3930999935	0.3756999969	0.4027999938	0.3671000004	0.4061000049
1352.4	0.3917999864	0.4066999853	0.3558000028	0.3987999856	0.3783999979	0.3966999948	0.3567000031	0.402399987
1359.9	0.3930000067	0.4090000093	0.3583000004	0.4007000029	0.3813000023	0.400000006	0.3490999937	0.4099999964
1367.3	0.3934000134	0.4056999981	0.3470000029	0.3982000053	0.3840999901	0.3989000022	0.3440999985	0.407799989
1374.7	0.3901999891	0.4077000022	0.3650000095	0.4058000147	0.3750999868	0.3984000087	0.3720000088	0.407400012
1382.2	0.3948999941	0.4106000066	0.3632000089	0.4002999961	0.3770999908	0.4034999907	0.3731000125	0.4020999968
1389.6	0.3952000141	0.4110000134	0.3598999977	0.4056999981	0.3776000142	0.4031000137	0.3637000024	0.4072000086
1397.1	0.3952000141	0.4072000086	0.3619000018	0.3995999992	0.3750999868	0.4013000131	0.3535000086	0.4066999853
1404.5	0.3916999996	0.4059000015	0.3598000109	0.4029999971	0.3754000068	0.4004999995	0.3628999889	0.4054999948
1412	0.3925999999	0.4093999863	0.358099997	0.4027999938	0.3770999908	0.3962000012	0.3366999924	0.405400008
1419.4	0.391200006	0.4075999856	0.3657000065	0.4034000039	0.3779000044	0.3973999918	0.3675999939	0.4056999981
1426.9	0.3946999907	0.4102999866	0.3711000085	0.4004999995	0.3765999973	0.4038999975	0.3677999973	0.4056999981
1434.3	0.3925000131	0.408100009	0.3614000082	0.4018999934	0.3761000037	0.3971999884	0.3495999873	0.4032000005
1441.7	0.3905999959	0.4072999954	0.3416000009	0.4029999971	0.3745000064	0.4007000029	0.3582000136	0.4079999924
1449.2	0.3932999969	0.4063999951	0.3637999892	0.4038000107	0.3774000108	0.3962000012	0.3648000062	0.40169999
1456.6	0.3926999867	0.4079999924	0.3434999883	0.4061000049	0.3770999908	0.4007999897	0.3515999913	0.4038000107
1464.1	0.3923000097	0.4101999998	0.3519000113	0.4079000056	0.3750999868	0.3986000121	0.3485000134	0.4036999941
1471.5	0.3916000128	0.4101999998	0.3612999916	0.407099992	0.3763000071	0.4009000063	0.3725000024	0.4056000113
1478.9	0.3937000036	0.410100013	0.3538999856	0.3989000022	0.3759000003	0.393900007	0.3508000076	0.405400008
1486.4	0.3914999962	0.4063000083	0.3625999987	0.4016000032	0.3747000098	0.3973999918	0.355399996	0.4049000144
1493.8	0.3928999901	0.4081999958	0.3601000011	0.4020999968	0.3761000037	0.4004999995	0.3605999947	0.4043000042
1501.3	0.3901999891	0.4063000083	0.3560000062	0.3998999894	0.380400002	0.3977000117	0.347299993	0.4075999856
1508.7	0.3925000131	0.4084999859	0.3540000021	0.4052999914	0.3774999976	0.396299988	0.3443999887	0.4068000019
1516.1	0.3925999999	0.4090999961	0.3610999882	0.3998000026	0.3767000139	0.4025000036	0.3655000031	0.4027999938
1523.6	0.3937999904	0.4115000069	0.3596000075	0.4020999968	0.3756999969	0.4018000066	0.3634000123	0.4070000052
1531	0.3952000141	0.4102999866	0.3686999977	0.399699986	0.3781999946	0.3998000026	0.3675999939	0.4041000009
1538.4	0.3937000036	0.4095000029	0.3526000082	0.4020999968	0.3763999939	0.4007000029	0.3465999961	0.4066999853
1545.9	0.3950999975	0.4070000052	0.3619999886	0.3977999985	0.3761000037	0.4031000137	0.3619999886	0.4056000113
1553.3	0.3937999904	0.4088999927	0.3675000072	0.4032000005	0.3774000108	0.3998000026	0.3657999933	0.402399987
1560.8	0.3930000067	0.4115000069	0.3546000123	0.4045000076	0.3756999969	0.4007999897	0.350699991	0.405099988
1568.2	0.3943000138	0.4086000025	0.3664999902	0.4013999999	0.3765999973	0.3966999948	0.356099993	0.4032999873
1575.7	0.3917999864	0.4095999897	0.3596999943	0.4032999873	0.3747999966	0.4023000002	0.358799994	0.407400012
1583.1	0.3937000036	0.4077000022	0.3524000049	0.3980000019	0.3783000112	0.3948000073	0.3515000045	0.4036999941
1590.5	0.3928999901	0.4063000083	0.356400013	0.3980000019	0.3768999875	0.3982000053	0.3666000068	0.4040000141
1598	0.391900003	0.4079000056	0.3587000072	0.4007999897	0.3758000135	0.3991000056	0.3677999973	0.4040000141
1605.4	0.3921999931	0.407400012	0.3529999852	0.404399991	0.3772000074	0.3946999907	0.3553000093	0.4016000032
1612.9	0.3932999969	0.4070000052	0.3571999967	0.3971000016	0.3750999868	0.3975000083	0.3569000065	0.4018000066
1620.3	0.390899986	0.4068000019	0.3565999866	0.4036000073	0.3759999871	0.3964999914	0.347600013	0.4074999988
1627.8	0.3925999999	0.4104000032	0.3628000021	0.4013999999	0.3813999891	0.3991999924	0.3555999994	0.4061999917
1635.2	0.3930000067	0.4092999995	0.3709999919	0.4018999934	0.3794000149	0.3977999985	0.3501000106	0.4079999924
1642.7	0.3930000067	0.407799989	0.3582000136	0.4016000032	0.3745000064	0.399300009	0.3617999852	0.4063999951
1650.1	0.3937000036	0.4090999961	0.3528999984	0.4041999876	0.3810000122	0.3986000121	0.3449999988	0.4104000032
1657.6	0.3982999921	0.4081999958	0.366899997	0.3975000083	0.3756999969	0.3993999958	0.3777999878	0.4059000015
1665	0.3919999897	0.407400012	0.3578999937	0.4049000144	0.3761999905	0.4020999968	0.3702000082	0.4054999948
1672.4	0.3937999904	0.408100009	0.356099993	0.4018999934	0.3770999908	0.4032000005	0.3666000068	0.4034999907
1679.9	0.3916000128	0.410100013	0.3580000103	0.4068999887	0.3804999888	0.3984000087	0.3479000032	0.4075999856
1687.3	0.3921999931	0.4052000046	0.3506000042	0.399300009	0.3829999864	0.3980000019	0.3587000072	0.4052000046
1694.7	0.3921999931	0.4059999883	0.3434999883	0.4009000063	0.3767000139	0.393900007	0.3540000021	0.4052999914
1702.2	0.3930999935	0.4086000025	0.3652000129	0.4065000117	0.3756000102	0.3978999853	0.3625000119	0.4041999876
1709.6	0.3919999897	0.407099992	0.3463000059	0.4022000134	0.375	0.3993999958	0.363499999	0.4058000147
1717.1	0.3950999975	0.4070000052	0.3650999963	0.3991999924	0.3756999969	0.3977000117	0.361499995	0.404700011
1724.5	0.3935000002	0.405400008	0.3605999947	0.399300009	0.3759000003	0.3971999884	0.3671000004	0.4031000137
1731.9	0.3932999969	0.4074999988	0.3682000041	0.3980000019	0.3792000115	0.3953000009	0.3592000008	0.4032999873
1739.4	0.3914999962	0.4068999887	0.347299993	0.4049000144	0.3770999908	0.3953999877	0.3513999879	0.404700011
1746.9	0.3925999999	0.4065999985	0.3686000109	0.3989000022	0.381099999	0.3989000022	0.3601000011	0.4068000019
1754.3	0.3937999904	0.407400012	0.3605000079	0.4038000107	0.3743999898	0.396600008	0.3653999865	0.4034999907
1761.7	0.3921000063	0.4063999951	0.3630999923	0.399300009	0.3808999956	0.3986000121	0.3592999876	0.4072000086
1769.2	0.3935000002	0.4043000042	0.361499995	0.3975999951	0.3754999936	0.3995000124	0.3657000065	0.4029999971
1776.6	0.3975999951	0.4113000035	0.3537999988	0.3971999884	0.3756999969	0.3982000053	0.3639999926	0.404700011
1784.1	0.3964999914	0.4063999951	0.358799994	0.3975000083	0.3752000034	0.3966999948	0.3677000105	0.4041000009
1791.5	0.3984000087	0.4092999995	0.3529999852	0.3982000053	0.3756000102	0.4004999995	0.3558999896	0.407099992
1799	0.3937999904	0.4095999897	0.3472000062	0.4013999999	0.3765999973	0.3991000056	0.3540000021	0.405099988

