Cycle	Time	Temp	A5	A6	B5	B6	C5	C6	D5	D6	E5	E6	F5	F6	G5	G6	H5	H6
1	0	26.4	1.010800004	1.0173000097	0.8508999944	0.8105999827	0.5468000174	0.5389000177	0.6457999945	0.6617000103	0.6348000169	0.632700026	0.6445000172	0.6439999938	0.4830000103	0.4898000062	0.5853000283	0.581799984
2	7.7	26.5	1.0105999708	1.0151000023	0.8543999791	0.8102999926	0.5480999947	0.5536000133	0.6524000168	0.6668999791	0.6352000237	0.633400023	0.6477000117	0.6459000111	0.5167000294	0.5241000056	0.58950001	0.5816000104
3	15.4	26.5	1.0090999603	1.0144000053	0.8521999717	0.8090000153	0.6000999808	0.5684999824	0.6498000026	0.6664999723	0.6331999898	0.6324999928	0.6471999884	0.6455000043	0.5213000178	0.5285000205	0.5892000198	0.5816000104
4	23.1	26.4	1.0104999542	1.0163999796	0.8518999815	0.809499979	0.5566999912	0.5515000224	0.6495000124	0.6640999913	0.6367999911	0.6347000003	0.6467000246	0.6439999938	0.5098999739	0.5261999965	0.5845999718	0.5806999803
5	30.8	26.5	1.0112999678	1.0197000504	0.8496000171	0.8079000115	0.5673999786	0.5333999991	0.6456999779	0.6607999802	0.6360999942	0.6355000138	0.6449999809	0.6434000134	0.5120000243	0.5320000052	0.5834000111	0.5774000287
6	38.4	26.5	1.0099999905	1.0166000128	0.8496999741	0.8083000183	0.5364999771	0.5199000239	0.6453999877	0.662899971	0.6348999739	0.6347000003	0.6450999975	0.6441000104	0.4711000025	0.4925999939	0.5842999816	0.5774000287
7	46.1	26.6	1.0081000328	1.016800046	0.8515999913	0.8105000257	0.549300015	0.5825999975	0.6523000002	0.6697999835	0.6328999996	0.6333000064	0.6475999951	0.6452999711	0.4925999939	0.5368999839	0.5916000009	0.5849999785
8	53.8	26.5	1.0083999634	1.016299963	0.850300014	0.8097000122	0.5813000202	0.5527999997	0.6488999724	0.6679999828	0.635800004	0.6342999935	0.646600008	0.6445000172	0.5146999955	0.5317000151	0.5863000154	0.5802999735
9	61.5	26.5	1.0083999634	1.0164999962	0.8489000201	0.8091999888	0.5695000291	0.5419999957	0.6491000056	0.6669999957	0.6353999972	0.633400023	0.646600008	0.643599987	0.5224000216	0.5404000282	0.5879999995	0.5809999704
10	69.2	26.6	1.0096000433	1.0177999735	0.8506000042	0.8090999722	0.6090999842	0.5374000072	0.6517999768	0.6650999784	0.6338999867	0.6315000057	0.647300005	0.6406000257	0.5271000266	0.5296000242	0.5911999941	0.581700027
11	76.9	26.5	1.00849998	1.0178999901	0.8476999998	0.8087999821	0.5713000298	0.5583999753	0.6481000185	0.665199995	0.6348000169	0.6340000033	0.6463000178	0.6424999833	0.5217000246	0.5363000035	0.5874000192	0.5784000158
12	84.6	26.7	1.0082999468	1.0183999538	0.8478000164	0.8080999851	0.5260000229	0.5383999944	0.6488999724	0.6646000147	0.6338000298	0.6324999928	0.6449999809	0.6417000294	0.4747000039	0.4934999943	0.5870000124	0.5813000202
13	176.4	26.5	1.0008000135	1.0367000103	0.8198000193	0.8130000234	0.5666000247	0.5713999867	0.6441000104	0.6586999893	0.6212000251	0.6276000142	0.6233999729	0.6747000217	0.475300014	0.5156999826	0.5867999792	0.5863000154
14	184.1	26.7	1.0005999804	1.0348000526	0.8199999928	0.8127999902	0.5605999827	0.576399982	0.6477000117	0.6596000195	  	0.6265000105	0.6230999827	0.6744999886	0.4595000148	0.5227000117	0.5867999792	0.5892000198
15	191.8	26.6	1.0013999939	1.0336999893	0.8199999928	0.810100019	0.534799993	0.5530999899	0.6491000056	0.6561999917	0.6197000146	0.628000021	0.6223999858	0.6714000106	0.4765999913	0.4875999987	0.5867000222	0.5874000192
16	199.5	26.5	1.003000021	1.0334000587	0.8206999898	0.8116000295	0.5569000244	0.5623000264	0.6506000161	0.66049999	0.6201999784	0.6276000142	0.6230999827	0.668299973	0.4833999872	0.5103999972	0.5878000259	0.5892000198
17	207.2	26.7	1.0037000179	1.0322999954	0.8213000298	0.8105999827	0.5745000243	0.5006999969	0.6481999755	0.6560000181	0.6201999784	0.628000021	0.6237999797	0.6653000116	0.4772000015	0.5038999915	0.5877000093	0.5853999853
18	214.9	26.7	1.0041999817	1.0329999924	0.8206999898	0.8097000122	0.6108999848	0.5588999987	0.6464999914	0.6553000212	0.6204000115	0.6294000149	0.6215999722	0.663500011	0.511500001	0.5292000175	0.5857999921	0.5859000087
19	222.6	26.6	1.0025999546	1.0306999683	0.8191999793	0.8080000281	0.5658000112	0.5275999904	0.6456000209	0.6531000137	0.6184999943	0.6284999847	0.6233999729	0.6649000049	0.4523000121	0.4726999998	0.5889999866	0.584100008
20	230.2	26.7	1.0018999577	1.0311000347	0.820200026	0.8073999882	0.5666999817	0.5672000051	0.646600008	0.6538000107	0.6179999709	0.6291999817	0.6227999926	0.6560999751	0.4862999916	0.4963000119	0.5907999873	0.5850999951
21	237.9	26.6	1.0006999969	1.0283999443	0.8206999898	0.8072999716	0.5447000265	0.5418999791	0.6495000124	0.6547999978	0.6200000048	0.6277999878	0.6225000024	0.6570000052	0.4663000107	0.5105000138	0.587199986	0.5867999792
22	245.6	26.7	1.0015000105	1.0288000107	0.8194000125	0.8065000176	0.5715000033	0.5593000054	0.6449000239	0.6516000032	0.6193000078	0.6286000013	0.6223999858	0.6622999907	0.4726999998	0.5157999992	0.5888000131	0.5845000148
23	253.3	26.6	1.003000021	1.0278999805	0.8187999725	0.8057000041	0.5465000272	0.5296000242	0.6413000226	0.6516000032	0.6207000017	0.6284999847	0.6215000153	0.658100009	0.4600000083	0.4844999909	0.5838999748	0.5820000172
24	261	26.7	0.9993000031	1.024799943	0.82099998	0.8062000275	0.5788999796	0.5523999929	0.6524000168	0.6568999887	0.6184999943	0.6276000142	0.6225000024	0.6593000293	0.4801000059	0.5141999722	0.5934000015	0.5886999965
25	268.7	26.6	1.002300024	1.0259000063	0.8198999763	0.8054999709	0.5583999753	0.5374000072	0.6481000185	0.6567999721	0.619599998	0.6286000013	0.6212999821	0.66049999	0.4654999971	0.5123000145	0.5889999866	0.5878000259
26	276.4	26.7	1.0024000406	1.0264999866	0.8199999928	0.8032000065	0.5428000093	0.5315999985	0.644299984	0.6495000124	0.619599998	0.6284999847	0.6201000214	0.6603000164	0.4742000103	0.5070999861	0.5857999921	0.5839999914
27	284.1	26.6	1.0020999908	1.0247000456	0.820900023	0.804799974	0.5667999983	0.5447999835	0.6444000006	0.652700007	0.618900001	0.6283000112	0.6230999827	0.6583999991	0.4981999993	0.521600008	0.5911999941	0.5863000154
28	291.8	26.7	1.0062999725	1.0288000107	0.8253999949	0.8080999851	0.5777000189	0.5552999973	0.65200001	0.6582000256	0.6241000295	0.6316999793	0.6259999871	0.6631000042	0.4921999872	0.4889000058	0.590200007	0.5921000242
29	299.5	26.7	1.0081000328	1.0285999775	0.8234999776	0.804799974	0.57099998	0.5636000037	0.649699986	0.6545000076	0.6251999736	0.6331999898	0.6244000196	0.6607999802	0.470299989	0.4939999878	0.5899999738	0.5891000032
30	307.2	26.8	1.0063999891	1.0274000168	0.8235999942	0.806400001	0.5631999969	0.5566999912	0.648999989	0.6542000175	0.6231999993	0.6312999725	0.6243000031	0.6585999727	0.4963999987	0.5166000128	0.5896000266	0.5899000168
31	314.9	26.6	1.0073000193	1.0263999701	0.8245000243	0.8061000109	0.5620999932	0.5643000007	0.6430000067	0.6553999782	0.6222000122	0.6306999922	0.6266999841	0.6611999869	0.4912999868	0.4905999899	0.5942000151	0.5910999775
32	322.6	26.7	1.0059000254	1.0245000124	0.8252000213	0.8037999868	0.5604000092	0.5551000237	0.6523000002	0.6506000161	0.621900022	0.6305000186	0.6255000234	0.6601999998	0.4422000051	0.4930000007	0.5924999714	0.5896000266
33	330.3	26.7	1.0069999695	1.0230000019	0.8241000175	0.8030999899	0.5831999779	0.5500000119	0.6502000093	0.6546999812	0.6230999827	0.6309000254	0.6262999773	0.6585999727	0.4776000082	0.5078999996	0.5938000083	0.5914999843
34	338	26.8	1.005300045	1.0232000351	0.8246999979	0.8030999899	0.5687999725	0.5807999969	0.6528999805	0.6553999782	0.6234999895	0.6316999793	0.6256999969	0.6583999991	0.4857000113	0.4970000088	0.5927000046	0.591899991
35	345.7	26.7	1.0068999529	1.0211999416	0.8231999874	0.8018000126	0.5620999932	0.5450999737	0.6438000202	0.6517000198	0.6247000098	0.6323000193	0.6255000234	0.6572999954	0.4729000032	0.5098000169	0.5906999707	0.5884000063
36	353.4	26.6	1.0082000494	1.0217000246	0.8248000145	0.8007000089	0.5843999982	0.5396999717	0.6481000185	0.6528000236	0.6234999895	0.6324999928	0.6252999902	0.6578999758	0.4948000014	0.5015000105	0.5928000212	0.5898000002
37	361	26.7	1.0052000284	1.0207999945	0.8251000047	0.8004999757	0.5665000081	0.5583000183	0.6506000161	0.6529999971	0.6243000031	0.6309000254	0.6261000037	0.6585999727	0.4866000116	0.508400023	0.5928999782	0.5911999941
38	368.7	26.8	1.0058000088	1.0182000399	0.8234000206	0.7972000241	0.5741999745	0.5461999774	0.647300005	0.6506000161	0.6233000159	0.6317999959	0.6241000295	0.6553999782	0.4715999961	0.4955999851	0.5889999866	0.5874000192
39	376.4	26.7	1.0068999529	1.0170999765	0.8241999745	0.7980999947	0.6000000238	0.5741999745	0.6498000026	0.6529999971	0.6222000122	0.6294000149	0.6256999969	0.6570000052	0.4896999896	0.5074999928	0.5963000059	0.5916000009
40	384.1	26.7	1.0070999861	1.0170999765	0.8230999708	0.7969999909	0.570200026	0.545599997	0.6463999748	0.6518999934	0.6244000196	0.631099999	0.6241000295	0.6567000151	0.4796000123	0.5157999992	0.5917000175	0.5906999707
41	391.8	26.7	1.0063999891	1.0154000521	0.8230000138	0.7973999977	0.5806000233	0.5924000144	0.6464999914	0.6507999897	0.6223999858	0.6306999922	0.625	0.6542000175	0.5072000027	0.5257999897	0.5931000113	0.5896999836
42	399.5	26.8	1.0070999861	1.013299942	0.8237000108	0.7957000136	0.5978000164	0.5720999837	0.6460000277	0.6510999799	0.6243000031	0.632799983	0.6256999969	0.6495000124	0.5088999867	0.5074999928	0.5936999917	0.5881000161
43	407.2	26.7	1.0036000013	1.0104000568	0.8245999813	0.7946000099	0.5407999754	0.5605999827	0.6509000063	0.6524000168	0.621999979	0.6291000247	0.6262000203	0.6553000212	0.4727999866	0.5126000047	0.5958999991	0.5932999849
44	414.9	26.8	1.0066000223	1.0121999979	0.8228999972	0.7936999798	0.5827000141	0.5665000081	0.6457999945	0.6500999928	0.6252999902	0.6317999959	0.6248999834	0.6521000266	0.5102999806	0.4803000093	0.5907999873	0.5863999724
45	422.6	26.8	1.004799962	1.010800004	0.8230000138	0.7929000258	0.570299983	0.5914999843	0.6474000216	0.6480000019	0.6241000295	0.6312999725	0.6259999871	0.6546999812	0.5144000053	0.5037999749	0.5922999978	0.5884000063
46	430.3	27	1.0051000118	1.0076999664	0.8230000138	0.7924000025	0.5588999987	0.5318999887	0.6478999853	0.6521999836	0.6233000159	0.6301000118	0.6251000166	0.6531000137	0.4684000015	0.478399992	0.5932000279	0.5913000107
47	438	26.8	1.0048999786	1.0081000328	0.8234000206	0.7914000154	0.5705999732	0.581700027	0.6474999785	0.6498000026	0.6222000122	0.6302000284	0.6248000264	0.6463000178	0.483099997	0.491899997	0.5946000218	0.5889000297
48	445.7	26.8	1.0074000359	1.0082000494	0.8224999905	0.790199995	0.5968000293	0.5616999865	0.6448000073	0.6499999762	0.622600019	0.6298999786	0.6256999969	0.6523000002	0.4875000119	0.5120000243	0.5935999751	0.5921999812
49	453.4	26.7	1.0058000088	1.005300045	0.8234999776	0.7890999913	0.5758000016	0.5419999957	0.6475999951	0.6478999853	0.6241000295	0.6302999854	0.6261000037	0.6539000273	0.4805999994	0.5059000254	0.590200007	0.5932000279
50	461.1	26.8	1.0059000254	1.0039000511	0.8227999806	0.7888000011	0.5450000167	0.5436999798	0.6449000239	0.6474000216	0.6238999963	0.6305000186	0.6254000068	0.6498000026	0.4801999927	0.4923999906	0.5917999744	0.5903000236
51	468.8	26.7	1.0046999454	1.0031000376	0.8220000267	0.7870000005	0.5458999872	0.5415999889	0.6457999945	0.6462000012	0.6237000227	0.630400002	0.6255999804	0.6326000094	0.5116999745	0.4828000069	0.5935999751	0.5904999971
52	476.5	26.7	1.0066000223	1.003000021	0.8223999739	0.7860000134	0.5645999908	0.5414999723	0.6455000043	0.6441000104	0.6245999932	0.6301000118	0.6230000257	0.6452999711	0.480399996	0.4941000044	0.5870000124	0.5882999897
53	484.1	26.8	1.005499959	1.0002000332	0.8227999806	0.7868999839	0.5536999702	0.5644000173	0.6470000148	0.6478999853	0.6243000031	0.6309000254	0.6238999963	0.6492999792	0.4916999936	0.5113999844	0.5899999738	0.5899000168
54	491.8	26.8	1.0062999725	1.0004999638	0.8228999972	0.7849000096	0.5577999949	0.5440000296	0.6488999724	0.6449999809	0.6268000007	0.6320999861	0.6244999766	0.6498000026	0.4979999959	0.5152000189	0.5892999768	0.5859000087
55	499.5	26.9	1.0046999454	0.9981999993	0.8231999874	0.7853000164	0.5629000068	0.5550000072	0.6504999995	0.6484000087	0.6247000098	0.630400002	0.6255999804	0.6464999914	0.5109000206	0.5170000196	0.5935999751	0.5924000144
56	507.2	26.8	1.0053999424	0.9973000288	0.8208000064	0.7814999819	0.554700017	0.5630999804	0.6452999711	0.6402000189	0.6248000264	0.6306999922	0.6231999993	0.6470999718	0.506099999	0.4981000125	0.584800005	0.5875999928
57	514.9	27	1.005499959	0.9959999919	0.8220999837	0.7820000052	0.5588999987	0.5630999804	0.6499999762	0.6448000073	0.6241999865	0.630400002	0.6241999865	0.6468999982	0.4722000062	0.4815999866	0.5921000242	0.5903999805
58	522.6	27	1.005499959	0.9947000146	0.823300004	0.7817000151	0.5821999907	0.5867000222	0.6535999775	0.6445000172	0.6243000031	0.6302999854	0.6247000098	0.6495000124	0.4740999937	0.4647000134	0.5914000273	0.5924999714
59	530.3	27	1.0046000481	0.9927999973	0.8230999708	0.7828999758	0.5350000262	0.5426999927	0.6539000273	0.6503999829	0.6233999729	0.6291999817	0.6256999969	0.6491000056	0.4526999891	0.4851999879	0.5929999948	0.5932999849
60	538	27	1.0049999952	0.992299974	0.8230000138	0.7796000242	0.5640000105	0.5748000145	0.6539999843	0.6438999772	0.6241999865	0.6309999824	0.6256999969	0.6482999921	0.491899997	0.5220999718	0.5950000286	0.5916000009
61	545.7	27	1.0041999817	0.9890999794	0.8227000237	0.7788000107	0.5414999723	0.5527999997	0.6542000175	0.6464999914	0.6229000092	0.6298000216	0.625	0.6462000012	0.4771000147	0.4914000034	0.5950999856	0.5917000175
62	553.4	26.8	1.004799962	0.9882000089	0.8220000267	0.7778000236	0.5363000035	0.5227000117	0.6518999934	0.646600008	0.622699976	0.628000021	0.6248999834	0.6485999823	0.4515999854	0.4984999895	0.5971000195	0.5950000286
63	561.1	26.8	1.0039999485	0.986199975	0.8216000199	0.7767999768	0.5637999773	0.5611000061	0.6500999928	0.6441000104	0.6236000061	0.6294999719	0.6236000061	0.6463999748	0.4945000112	0.4954999983	0.5893999934	0.5903999805
64	568.8	26.8	1.0046000481	0.9876000285	0.8216999769	0.7764000297	0.5638999939	0.5698999763	0.648999989	0.6417999864	0.6244000196	0.6302000284	0.6244000196	0.6438000202	0.4817999899	0.4950000048	0.5904999971	0.5879999995
65	576.5	26.8	1.0044000149	0.9847000241	0.8227000237	0.7764000297	0.5651000142	0.5654000044	0.649600029	0.6434999704	0.6237999797	0.6279000044	0.625	0.6477000117	0.4772999883	0.505400002	0.5911999941	0.5921999812
66	584.2	27	1.0032000542	0.9826999903	0.8235999942	0.7754999995	0.5382000208	0.5483000278	0.6571000218	0.647300005	0.6212999821	0.6297000051	0.6266999841	0.6474999785	0.4837000072	0.5005000234	0.5982999802	0.5935000181
67	591.9	27	1.0041999817	0.9829999804	0.820900023	0.7732999921	0.5580000281	0.543299973	0.6498000026	0.638899982	0.6244999766	0.6294999719	0.6251999736	0.6450999975	0.4842999876	0.4936999977	0.591899991	0.58950001
68	599.5	27	1.0039999485	0.9794999957	0.8217999935	0.7725999951	0.5738000274	0.5465000272	0.648999989	0.6399000287	0.622699976	0.6299999952	0.6241000295	0.6441000104	0.4602999985	0.4763999879	0.5927000046	0.5909000039
69	607.2	27	1.0027999878	0.9801999927	0.820299983	0.7717999816	0.5529999733	0.5468000174	0.6498000026	0.6416000128	0.6240000129	0.6309000254	0.6236000061	0.6424000263	0.4663000107	0.5430999994	0.5910000205	0.5884000063
70	614.9	27	1.0044000149	0.978399992	0.8215000033	0.7691000104	0.5723999739	0.5253000259	0.6485999823	0.6376000047	0.6230999827	0.6298999786	0.6243000031	0.6467999816	0.4844000041	0.4876999855	0.592599988	0.5891000032
71	622.6	27	1.0041999817	0.9765999913	0.8216000199	0.7699999809	0.5619000196	0.5651000142	0.6470000148	0.6387000084	0.6227999926	0.6286000013	0.6247000098	0.6316000223	0.478399992	0.5101000071	0.5928999782	0.5896999836
72	630.3	27	1.0049999952	0.9754999876	0.8222000003	0.7699999809	0.5328000188	0.5473999977	0.6460999846	0.6409000158	0.6245999932	0.6294999719	0.625	0.6409999728	0.46450001	0.472600013	0.5938000083	0.5928999782
73	638	27	1.0051000118	0.9746000171	0.8213999867	0.7684999704	0.5304999948	0.5406000018	0.6463000178	0.6423000097	0.6258999705	0.6290000081	0.6245999932	0.6263999939	0.462500006	0.4914000034	0.5903999805	0.5920000076
74	645.8	27	1.0041999817	0.9736999869	0.8215000033	0.7688000202	0.5577999949	0.5475000143	0.644299984	0.6402999759	0.6251999736	0.6290000081	0.6248999834	0.641900003	0.4859000146	0.4862000048	0.5931000113	0.5903000236
75	653.5	27	1.0040999651	0.9717000127	0.8210999966	0.7655000091	0.5580000281	0.5666999817	0.6406999826	0.6360999942	0.6248000264	0.6312000155	0.6247000098	0.6457999945	0.4745000005	0.4754000008	0.5911999941	0.586499989
76	661.1	27	1.0041999817	0.9721000195	0.8215000033	0.766200006	0.5661000013	0.5382999778	0.6434999704	0.6367999911	0.6244000196	0.6290000081	0.6262000203	0.6463000178	0.4844000041	0.472600013	0.594900012	0.5910999775
77	668.8	27	1.002300024	0.9695000052	0.820200026	0.7641999722	0.5658000112	0.5569000244	0.6437000036	0.6362000108	0.6241000295	0.6279000044	0.6229000092	0.6394000053	0.5072000027	0.4909000099	0.5884000063	0.5904999971
78	676.5	27	1.003000021	0.9682000279	0.820299983	0.7642999887	0.5781000257	0.6083999872	0.644299984	0.638899982	0.6244000196	0.6286000013	0.6241999865	0.6431000233	0.5145999789	0.5286999941	0.592599988	0.5906000137
79	684.2	27	1.0036000013	0.9656000137	0.8210999966	0.763199985	0.5907999873	0.5845999718	0.641200006	0.6376000047	0.6252999902	0.6284999847	0.6244000196	0.6427999735	0.4832000136	0.5249999762	0.5892999768	0.5907999873
80	691.9	27	1.0029000044	0.9648000002	0.8217999935	0.7634999752	0.5597000122	0.5458999872	0.6439999938	0.6391000152	0.6238999963	0.6281999946	0.625	0.6453999877	0.4684000015	0.4691999853	0.5911999941	0.5911999941
81	699.6	27	1.0034999847	0.9648000002	0.8213000298	0.7617999911	0.5665000081	0.5123999715	0.6431999803	0.6345000267	0.6240000129	0.6302000284	0.6251000166	0.6424999833	0.477699995	0.5124999881	0.5931000113	0.5903000236
82	707.3	27	1.0010999441	0.9636999965	0.820900023	0.7613999844	0.5397999883	0.5579000115	0.6456999779	0.6363999844	0.6236000061	0.6259999871	0.6236000061	0.6238999963	0.4839000106	0.4907999933	0.5914999843	0.5963000059
83	715	27	1.003000021	0.9602000117	0.82099998	0.7612000108	0.5426999927	0.5062999725	0.6425999999	0.6378999949	0.6237999797	0.6281999946	0.6248000264	0.6427000165	0.4616000056	0.4722000062	0.5896999836	0.5913000107
84	722.7	26.9	1.0032000542	0.959800005	0.82099998	0.758400023	0.55400002	0.5019999743	0.6427000165	0.6335999966	0.6227999926	0.6284000278	0.6247000098	0.627399981	0.4738000035	0.5127999783	0.5940999985	0.5917999744
85	730.4	27	1.0026999712	0.9577999711	0.8213999867	0.75849998	0.5731999874	0.5264999866	0.6441000104	0.6338999867	0.6248000264	0.6292999983	0.625	0.6421999931	0.4927000105	0.502300024	0.590200007	0.5914999843
86	738.1	27	1.0016000271	0.9559000134	0.8205999732	0.757799983	0.5604000092	0.5433999896	0.6441000104	0.6369000077	0.6237000227	0.6284999847	0.6233999729	0.6378999949	0.467200011	0.4817000031	0.5921999812	0.5928000212
87	745.8	27	1.0041999817	0.9556999803	0.8183000088	0.7555000186	0.556400001	0.5411000252	0.6373999715	0.6345999837	0.6247000098	0.6288999915	0.6236000061	0.6423000097	0.4738000035	0.4862999916	0.5903999805	0.5920000076
88	753.5	27	1.0033999681	0.9521999955	0.82099998	0.7565000057	0.5608999729	0.5365999937	0.6456000209	0.6377999783	0.6244000196	0.6276999712	0.6240000129	0.6348000169	0.4627999961	0.4891000092	0.5921000242	0.5942999721
89	761.2	27	1.0012999773	0.9516999722	0.8197000027	0.7547000051	0.5329999924	0.529399991	0.6406999826	0.6316999793	0.622699976	0.6274999976	0.6248999834	0.6369000077	0.4740000069	0.4995000064	0.5942999721	0.5906000137
90	768.9	27	1.0020999908	0.951300025	0.8198000193	0.7551000118	0.5295000076	0.5483999848	0.6417000294	0.63349998	0.6252999902	0.6291000247	0.6245999932	0.6374999881	0.4623000026	0.4826999903	0.5896000266	0.5921000242
91	776.6	27.1	1.0026999712	0.9499999881	0.8212000132	0.7544000149	0.557099998	0.5361999869	0.6452999711	0.6371999979	0.6231999993	0.628000021	0.6262999773	0.6416000128	0.4916999936	0.4957999885	0.5960999727	0.5931000113
92	784.3	27.1	1.0011999607	0.9480000138	0.8208000064	0.7529000044	0.5677999854	0.5224000216	0.6445000172	0.6341999769	0.6227999926	0.6268000007	0.6243000031	0.6406000257	0.4939999878	0.4808999896	0.5921000242	0.5939000249
93	792	27	1.0025000572	0.9480000138	0.8213999867	0.7527999878	0.59799999	0.5299000144	0.644200027	0.632700026	0.6229000092	0.6287000179	0.6256999969	0.6389999986	0.497299999	0.5080000162	0.594900012	0.5914000273
94	799.7	27	1.0032000542	0.9480000138	0.8201000094	0.7508999705	0.5773000121	0.5784999728	0.6410999894	0.6317999959	0.6251999736	0.6297000051	0.6237999797	0.6348000169	0.5008000135	0.5034000278	0.5922999978	0.592599988
95	807.4	27.1	1.0010999441	0.9445999861	0.8190000057	0.7495999932	0.513800025	0.5554999709	0.6431999803	0.6317999959	0.6230000257	0.6288999915	0.6243000031	0.6320000291	0.4950999916	0.5008999705	0.5950999856	0.5896000266
96	815.1	27.1	1.0004999638	0.9433000088	0.8184000254	0.747699976	0.5047000051	0.5511999726	0.6427999735	0.6319000125	0.6245999932	0.6276000142	0.6230999827	0.6286000013	0.4623999894	0.4855000079	0.591899991	0.5921999812
97	822.7	27.3	1.0022000074	0.9422000051	0.8201000094	0.7483000159	0.5565999746	0.5691999793	0.6414999962	0.631099999	0.6234999895	0.6272000074	0.6248999834	0.6330000162	0.4745999873	0.5066000223	0.5932999849	0.5932000279
98	830.4	27.1	1.0006999969	0.939899981	0.8201000094	0.7483000159	0.5773000121	0.5630000234	0.6438000202	0.6326000094	0.6237999797	0.6259999871	0.6248999834	0.6139000058	0.470600009	0.5196999907	0.5917999744	0.5953000188
99	838.2	27.1	1.0017000437	0.9388999939	0.820299983	0.7473000288	0.5530999899	0.5598999858	0.6434000134	0.6331999898	0.6223000288	0.6277999878	0.6243000031	0.6328999996	0.4754999876	0.4966999888	0.5914000273	0.5928999782
100	845.8	27.3	0.9994999766	0.9366000295	0.8203999996	0.7459999919	0.5400000215	0.5149000287	0.6456999779	0.6341000199	0.6223999858	0.6268000007	0.6241999865	0.6376000047	0.472299993	0.4779999852	0.5931000113	0.5935999751
101	853.5	27.1	1.0016000271	0.9375	0.820299983	0.7470999956	0.5780000091	0.5543000102	0.6434000134	0.630400002	0.6244000196	0.6291000247	0.6244000196	0.6383000016	0.4805000126	0.5214999914	0.5889000297	0.58950001
102	861.2	27.3	1.0003999472	0.9354000092	0.8191000223	0.7455999851	0.5673999786	0.5541999936	0.6439999938	0.6342999935	0.6212999821	0.6266000271	0.6255999804	0.6374999881	0.4929000139	0.5292999744	0.5916000009	0.5952000022
103	869	27.3	1.0025999546	0.9354000092	0.817900002	0.7418000102	0.5859000087	0.5568000078	0.638100028	0.6256999969	0.6233000159	0.6284000278	0.6230000257	0.6371999979	0.4866000116	0.5101000071	0.5911999941	0.5910000205
104	876.6	27	1.0002000332	0.9325000048	0.8210999966	0.7419999838	0.545599997	0.5616000295	0.6452000141	0.6290000081	0.6244999766	0.6276000142	0.6229000092	0.6298000216	0.4848000109	0.4878999889	0.5893999934	0.5917000175
105	884.3	27.1	1.0025999546	0.9323999882	0.818599999	0.7411000133	0.5795999765	0.5504000187	0.6399999857	0.6281999946	0.6227999926	0.6294000149	0.6241999865	0.6312999725	0.5076000094	0.5073000193	0.5940999985	0.5907999873
106	892	27.3	1.0027999878	0.9302999973	0.8169000149	0.7402999997	0.5643000007	0.5421000123	0.6374999881	0.6284000278	0.6248999834	0.6283000112	0.6218000054	0.6320999861	0.4715000093	0.4930999875	0.5888000131	0.5891000032
107	899.7	27.1	0.9993000031	0.9283000231	0.8195000291	0.7402999997	0.5302000046	0.5523999929	0.6455000043	0.6295999885	0.6227999926	0.6259999871	0.6233000159	0.6168000102	0.4779999852	0.4859000146	0.5942999721	0.5924000144
108	907.4	27.3	1.0004999638	0.9275000095	0.8187000155	0.7394000292	0.5723999739	0.5363000035	0.6414999962	0.627300024	0.6233999729	0.627399981	0.6238999963	0.6360999942	0.4826999903	0.4929000139	0.5929999948	0.5914999843
109	915.1	27.3	1.0011999607	0.9265000224	0.8188999891	0.7386999726	0.5297999978	0.5343999863	0.6402000189	0.6279000044	0.6230999827	0.628000021	0.6245999932	0.6353999972	0.472600013	0.4812999964	0.5935000181	0.5888000131
110	922.8	27.1	1.0001000166	0.9228000045	0.8187999725	0.7372000217	0.5557000041	0.5328000188	0.6417999864	0.6287000179	0.621999979	0.6254000068	0.6234999895	0.6302000284	0.4738000035	0.484100014	0.5942000151	0.5931000113
111	930.5	27.1	1.0005999804	0.9244999886	0.8181999922	0.7369999886	0.537899971	0.5163999796	0.6405000091	0.6233999729	0.6230000257	0.6244000196	0.6243000031	0.6022999883	0.4783000052	0.4683000147	0.5910999775	0.5885999799
112	938.2	27.3	1.0003999472	0.9219999909	0.8187000155	0.7365000248	0.5673000216	0.5645999908	0.6430000067	0.6287000179	0.622600019	0.6270999908	0.6234999895	0.628099978	0.4970000088	0.5070000291	0.594900012	0.591899991
113	945.9	27.1	1.0006999969	0.9204000235	0.8180000186	0.7357000113	0.5663999915	0.53549999	0.6406999826	0.6291999817	0.622699976	0.6248999834	0.6233000159	0.6101999879	0.4600999951	0.4912999868	0.5927000046	0.5927000046
114	953.6	27.3	0.9990000129	0.9194999933	0.8191999793	0.7336999774	0.5536000133	0.543299973	0.6430000067	0.6247000098	0.6244000196	0.627399981	0.6236000061	0.6251000166	0.4963000119	0.507799983	0.5903000236	0.5906000137
115	961.3	27	1.0009000301	0.9176999927	0.8197000027	0.7357000113	0.5857999921	0.5429999828	0.6437000036	0.6294999719	0.6247000098	0.6276000142	0.6248999834	0.6345999837	0.4955999851	0.511500001	0.5935000181	0.5917000175
116	969	27.3	1.0001000166	0.9169999957	0.8173000216	0.7318999767	0.5289000273	0.5200999975	0.6413000226	0.6231999993	0.6251999736	0.6286000013	0.621999979	0.627399981	0.4763999879	0.4873999953	0.5893999934	0.587100029
117	976.7	27.1	0.9998999834	0.9154000282	0.8197000027	0.7340000272	0.5573999882	0.5579000115	0.6434999704	0.627300024	0.6234999895	0.628099978	0.6243000031	0.6326000094	0.4781000018	0.5110999942	0.5929999948	0.5903999805
118	984.4	27.3	0.9984999895	0.912800014	0.8183000088	0.7321000099	0.5522999763	0.5422999859	0.6437000036	0.6287999749	0.6230000257	0.6262000203	0.6230999827	0.6297000051	0.4772000015	0.4848000109	0.591899991	0.5928999782
119	992.1	27.1	1.0005999804	0.913500011	0.8187000155	0.7305999994	0.5561000109	0.5163000226	0.641900003	0.6245999932	0.6237999797	0.627399981	0.6237000227	0.6366000175	0.4902000129	0.4833999872	0.591899991	0.5893999934
120	999.8	27.1	0.9998999834	0.9114000201	0.8177999854	0.7303000093	0.5630000234	0.5454999804	0.6437000036	0.6277999878	0.6233000159	0.6262000203	0.6248000264	0.6158000231	0.4736000001	0.4796999991	0.5952000022	0.592599988
121	1007.5	27.1	0.9998999834	0.9093000293	0.817900002	0.7293999791	0.5579000115	0.5328000188	0.6410999894	0.6261000037	0.6220999956	0.6274999976	0.6244000196	0.6261000037	0.5001000166	0.4844000041	0.5952000022	0.5913000107
122	1015.2	27.3	1.0002000332	0.909799993	0.8170999885	0.7271000147	0.5778999925	0.5503000021	0.6370999813	0.6193000078	0.6237999797	0.6277999878	0.6225000024	0.6340000033	0.4762000144	0.5153999925	0.590200007	0.5885000229
123	1022.9	27.1	0.9994999766	0.9072999954	0.8173999786	0.7271000147	0.5616999865	0.5174999833	0.6402999759	0.6223000288	0.6236000061	0.6287000179	0.6225000024	0.6213999987	0.483099997	0.516900003	0.5903999805	0.5881999731
124	1030.6	27.4	0.9993000031	0.9061999917	0.8194000125	0.7271999717	0.5703999996	0.5637000203	0.6438999772	0.6238999963	0.6237000227	0.6277999878	0.6241999865	0.6309999824	0.4900999963	0.5041000247	0.5927000046	0.5924000144
125	1038.3	27.3	1	0.9045000076	0.8180000186	0.7275000215	0.5602999926	0.5159000158	0.6414999962	0.6262000203	0.6234999895	0.6265000105	0.6247000098	0.6193000078	0.4873999953	0.4932999909	0.5932999849	0.5922999978
126	1046	27.3	1.0020999908	0.9032999873	0.8180999756	0.7256000042	0.581799984	0.5551000237	0.6431000233	0.6254000068	0.6251000166	0.6294000149	0.6237000227	0.6360999942	0.5181000233	0.5159000158	0.5924999714	0.5881000161
127	1053.7	27.1	0.9991999865	0.9023000002	0.8151000142	0.7232999802	0.5482000113	0.551699996	0.638800025	0.6198999882	0.6247000098	0.6236000061	0.6225000024	0.6101999879	0.4943000078	0.502300024	0.5866000056	0.5889999866
128	1061.4	27.4	0.9983000159	0.8998000026	0.8187999725	0.7249000072	0.5404000282	0.5552999973	0.6434000134	0.6248999834	0.6231999993	0.6248000264	0.6241999865	0.6351000071	0.5055999756	0.5070999861	0.5928999782	0.5940999985
129	1069.1	27.3	0.9980999827	0.8985000253	0.8192999959	0.7239000201	0.6018000245	0.549399972	0.6449999809	0.6237000227	0.6230999827	0.6251000166	0.6234999895	0.6333000064	0.4887999892	0.5187000036	0.5928000212	0.5938000083
130	1076.8	27.4	0.9998000264	0.8982999921	0.8166999817	0.722299993	0.5795999765	0.5440000296	0.638100028	0.6183999777	0.6230000257	0.6248000264	0.6237000227	0.6345000267	0.4993999898	0.5153999925	0.5913000107	0.5889000297
131	1084.6	27.4	1.0001000166	0.8982999921	0.8159999847	0.7203999758	0.5435000062	0.5264999866	0.6370000243	0.6175000072	0.6238999963	0.628099978	0.6227999926	0.6129999757	0.4566000104	0.4936000109	0.5889999866	0.5839999914
132	1092.2	27.3	1.0006999969	0.897300005	0.8165000081	0.7213000059	0.5837000012	0.5548999906	0.6377000213	0.6184999943	0.6248999834	0.6274999976	0.6229000092	0.6322000027	0.5013999939	0.530099988	0.5889999866	0.5874999762
133	1099.9	27.3	1.0006999969	0.8928999901	0.8158000112	0.7196000218	0.5590999722	0.5127000213	0.6383000016	0.6205000281	0.6251999736	0.6279000044	0.6213999987	0.632700026	0.4740000069	0.4844000041	0.5886999965	0.587100029
134	1107.7	27.4	0.9980000257	0.8934000134	0.8166999817	0.7202000022	0.5530999899	0.5422999859	0.638199985	0.6202999949	0.6244000196	0.6266999841	0.621999979	0.6323999763	0.4711999893	0.4990000129	0.5874999762	0.5879999995
135	1115.4	27.3	0.9977999926	0.8889999986	0.8174999952	0.7192999721	0.5677999854	0.5562000275	0.6417000294	0.6238999963	0.621999979	0.6245999932	0.6237999797	0.6316999793	0.4823000133	0.4963000119	0.5932999849	0.5917000175
136	1123.1	27.3	1.0002000332	0.8885999918	0.8176000118	0.719900012	0.5842000246	0.5249999762	0.6403999925	0.6241000295	0.6247000098	0.6263999939	0.6237000227	0.6176000237	0.4927999973	0.5048999786	0.5917999744	0.5903000236
137	1130.8	27.3	0.997699976	0.8884000182	0.8166999817	0.7179999948	0.6011000276	0.5753999949	0.6407999992	0.6215000153	0.6229000092	0.6255000234	0.622600019	0.6298000216	0.4808000028	0.5220000148	0.5914000273	0.5909000039
138	1138.5	27.4	0.996900022	0.8870999813	0.8159999847	0.717599988	0.5467000008	0.5012999773	0.6410999894	0.6201999784	0.6220999956	0.6255000234	0.6241999865	0.6294000149	0.4546999931	0.4643999934	0.5914999843	0.5896000266
139	1146.2	27.4	0.996999979	0.8859999776	0.8167999983	0.716899991	0.5483000278	0.5515000224	0.6407999992	0.6198999882	0.6229000092	0.625	0.6240000129	0.6340000033	0.4957000017	0.4993999898	0.5924999714	0.5920000076
140	1153.9	27.4	0.9994999766	0.8863999844	0.815599978	0.7164999843	0.5698999763	0.5335999727	0.6363000274	0.617299974	0.6248999834	0.6270999908	0.6243000031	0.6317999959	0.469599992	0.503099978	0.5907999873	0.5879999995
141	1161.6	27.4	0.9970999956	0.8837000132	0.8154000044	0.7135000229	0.5583000183	0.5379999876	0.6416000128	0.6161999702	0.6237999797	0.6263999939	0.6223000288	0.627399981	0.4830000103	0.4887000024	0.5911999941	0.5886999965
142	1169.3	27.3	0.9973000288	0.8812000155	0.817900002	0.7146000266	0.5576999784	0.5375999808	0.6439999938	0.621900022	0.622699976	0.6263999939	0.6237000227	0.6315000057	0.4645999968	0.4921999872	0.5938000083	0.5878000259
143	1177	27.4	0.9973000288	0.8799999952	0.8170999885	0.7132999897	0.532400012	0.5371999741	0.6414999962	0.6208999753	0.622600019	0.6258999705	0.6244000196	0.6274999976	0.4986000061	0.4866999984	0.5967000127	0.5942999721
144	1184.7	27.5	0.9979000092	0.8801000118	0.8151999712	0.7123000026	0.5849000216	0.5454000235	0.6413000226	0.617200017	0.6241000295	0.6255000234	0.6225000024	0.6312000155	0.4763999879	0.4975000024	0.5891000032	0.5921000242
145	1192.4	27.3	0.9981999993	0.8783000112	0.8159000278	0.7127000093	0.5453000069	0.5386000276	0.6409999728	0.6200000048	0.6237000227	0.6266000271	0.622600019	0.6251999736	0.4688999951	0.478399992	0.5936999917	0.5892999768
146	1200.1	27.4	0.9987000227	0.8769000173	0.8166000247	0.7124000192	0.5799999833	0.5447999835	0.6401000023	0.6194000244	0.6251000166	0.6261000037	0.6248000264	0.6276999712	0.4747000039	0.4947000146	0.5924000144	0.5893999934
147	1207.8	27.3	0.9972000122	0.8758000135	0.8154000044	0.7110000253	0.5426999927	0.5250999928	0.6389999986	0.6179000139	0.6244000196	0.6258000135	0.6223999858	0.6148999929	0.4875000119	0.5174000263	0.5886999965	0.5866000056
148	1215.5	27.4	0.9983999729	0.8759999871	0.8167999983	0.7113999724	0.5687999725	0.5273000002	0.6401000023	0.6164000034	0.6245999932	0.6255999804	0.6237999797	0.6237000227	0.4814999998	0.4898999929	0.591899991	0.5907999873
149	1223.2	27.4	0.9988999963	0.8738999963	0.8151999712	0.709100008	0.559400022	0.5217000246	0.6362000108	0.6151000261	0.6241000295	0.6283000112	0.6230000257	0.6298999786	0.4751000106	0.5146999955	0.5881999731	0.5842000246
150	1231	27.5	0.9965000153	0.8712999821	0.8158000112	0.7092999816	0.5389999747	0.5012000203	0.6402000189	0.616599977	0.6233000159	0.6241999865	0.6230000257	0.6322000027	0.4972000122	0.4884000123	0.5903000236	0.58950001
151	1238.7	27.3	0.9968000054	0.8701000214	0.8169999719	0.7092999816	0.5584999919	0.5202999711	0.6420999765	0.6190999746	0.6237999797	0.6248999834	0.6245999932	0.6312999725	0.4771000147	0.5004000068	0.5928000212	0.5910000205
152	1246.3	27.4	0.9981999993	0.8694999814	0.8162000179	0.7088000178	0.5651000142	0.5188000202	0.6398000121	0.6159999967	0.6244000196	0.6258000135	0.6238999963	0.6302000284	0.497299999	0.4686999917	0.5917000175	0.5913000107
153	1254	27.3	0.9981999993	0.869599998	0.814899981	0.7073000073	0.5697000027	0.5340999961	0.6363000274	0.6154000163	0.6248000264	0.6263999939	0.6229000092	0.6348000169	0.4995000064	0.4866999984	0.5898000002	0.5910000205
154	1261.7	27.5	0.997699976	0.86650002	0.814800024	0.7066000104	0.5697000027	0.5236999989	0.6387000084	0.6171000004	0.6234999895	0.6255000234	0.6231999993	0.6277999878	0.4905999899	0.4835999906	0.5928999782	0.5903000236
155	1269.5	27.4	0.9961000085	0.8659999967	0.8140000105	0.7064999938	0.5752999783	0.5479999781	0.6363000274	0.6147000194	0.6218000054	0.6255000234	0.6227999926	0.628000021	0.4794000089	0.510800004	0.5921999812	0.5904999971
156	1277.1	27.4	0.9962000251	0.8654000163	0.8158000112	0.7052000165	0.5584999919	0.5526999831	0.6402999759	0.6137999892	0.6244000196	0.6251999736	0.6233000159	0.6200000048	0.488499999	0.5188000202	0.5906000137	0.5885999799
157	1284.8	27.3	0.996900022	0.8650000095	0.815500021	0.7052000165	0.5708000064	0.5454999804	0.6398000121	0.6173999906	0.6238999963	0.6254000068	0.6244999766	0.6297000051	0.5026999712	0.5109999776	0.5957000256	0.5904999971
158	1292.6	27.4	0.9983999729	0.8622000217	0.8177000284	0.706099987	0.5916000009	0.5472000241	0.6432999969	0.6194999814	0.622699976	0.6263999939	0.6243000031	0.6299999952	0.4898000062	0.4708999991	0.5939000249	0.5928000212
159	1300.3	27.5	0.9973999858	0.8612999916	0.8141999841	0.7020000219	0.556400001	0.5544999838	0.638899982	0.6136999726	0.6240000129	0.6241000295	0.6223000288	0.628099978	0.4885999858	0.4808000028	0.5924000144	0.5917000175
160	1308	27.5	0.9951999784	0.8593000174	0.8156999946	0.7030000091	0.532400012	0.53549999	0.6413000226	0.6148999929	0.6223999858	0.6255000234	0.6225000024	0.6299999952	0.4758999944	0.4625999928	0.5924000144	0.590200007
161	1315.7	27.5	0.9955000281	0.8596000075	0.8144000173	0.7017999887	0.5307999849	0.5322999954	0.6391000152	0.6125000119	0.6244999766	0.6268000007	0.6222000122	0.6263999939	0.5005999804	0.4966999888	0.5888000131	0.5839999914
162	1323.4	27.4	0.9962000251	0.8597000241	0.8159999847	0.7021999955	0.5821999907	0.5760999918	0.6387000084	0.6105999947	0.6241000295	0.6262999773	0.6233999729	0.6287000179	0.4900000095	0.511500001	0.5881999731	0.5888000131
163	1331.1	27.5	0.9957000017	0.8554999828	0.8162999749	0.7030000091	0.5600000024	0.5259000063	0.6417999864	0.617200017	0.6211000085	0.6247000098	0.6233999729	0.628000021	0.4560000002	0.4867999852	0.594900012	0.5898000002
164	1338.8	27.5	0.996999979	0.8571000099	0.8151000142	0.7009000182	0.5691999793	0.5343999863	0.6396999955	0.6129999757	0.6247000098	0.6248999834	0.6229000092	0.6281999946	0.4966000021	0.4826999903	0.5917000175	0.5910999775
165	1346.5	27.5	0.9952999949	0.8547000289	0.8147000074	0.6994000077	0.5769000053	0.5572000146	0.6395999789	0.6101999879	0.6227999926	0.6244999766	0.622699976	0.6276999712	0.5070999861	0.5238999724	0.5906999707	0.5896999836
166	1354.2	27.4	0.9937000275	0.8525999784	0.8144999743	0.6998000145	0.5623000264	0.5356000066	0.6409000158	0.6129000187	0.6208000183	0.6237000227	0.6241000295	0.6288999915	0.4954999983	0.5037000179	0.595600009	0.5928000212
167	1361.9	27.5	0.9983999729	0.8543000221	0.8145999908	0.6995999813	0.5759000182	0.5485000014	0.6352000237	0.6093000174	0.625	0.6256999969	0.6220999956	0.6279000044	0.484100014	0.4636999965	0.586499989	0.5859000087
168	1369.6	27.5	0.9973000288	0.8521000147	0.8144000173	0.6980999708	0.5457999706	0.5083000064	0.6355000138	0.608799994	0.6241000295	0.6248999834	0.622699976	0.6268000007	0.4733999968	0.4925000072	0.5913000107	0.5892999768
169	1377.3	27.5	0.9951000214	0.8511999846	0.8162000179	0.699000001	0.554799974	0.5662999749	0.6402000189	0.6108999848	0.622699976	0.6244999766	0.6231999993	0.6287000179	0.4934000075	0.4999000132	0.5929999948	0.5939999819
170	1385	27.7	0.9944999814	0.8478000164	0.8158000112	0.6980000138	0.5720000267	0.5819000006	0.6421999931	0.6133000255	0.6215000153	0.6223000288	0.6240000129	0.6283000112	0.4797999859	0.5005000234	0.5936999917	0.5932000279
171	1392.6	27.6	0.993900001	0.847299993	0.8154000044	0.6976000071	0.5392000079	0.5433999896	0.6399000287	0.6126999855	0.6225000024	0.6244000196	0.6237000227	0.627399981	0.5037999749	0.5081999898	0.5928000212	0.5888000131
172	1400.4	27.6	0.9951000214	0.8481000066	0.8137999773	0.6970999837	0.5809000134	0.5586000085	0.6373000145	0.611899972	0.6231999993	0.6247000098	0.6233999729	0.6276999712	0.4963000119	0.4817999899	0.5922999978	0.5899000168
173	1408.1	27.5	0.9958999753	0.8471999764	0.8143000007	0.6948000193	0.5749999881	0.5600000024	0.6387000084	0.605700016	0.6231999993	0.6262000203	0.6218000054	0.6274999976	0.4679999948	0.5325999856	0.5888000131	0.5874999762
174	1415.8	27.5	0.9955999851	0.844900012	0.8134999871	0.6944000125	0.5573999882	0.5250999928	0.638800025	0.6062999964	0.6238999963	0.6251000166	0.6218000054	0.6277999878	0.4742000103	0.472600013	0.5892000198	0.5892999768
175	1423.5	27.5	0.9951999784	0.8435999751	0.8141999841	0.6951000094	0.5753999949	0.5454000235	0.6377000213	0.6090000272	0.6227999926	0.6243000031	0.6225000024	0.6272000074	0.5081999898	0.4869999886	0.5892999768	0.5875999928
176	1431.2	27.6	0.9933000207	0.8422999978	0.8144000173	0.6948000193	0.5730999708	0.5364000201	0.6431999803	0.611899972	0.6227999926	0.6230999827	0.6231999993	0.6283000112	0.4975000024	0.4963000119	0.5934000015	0.5929999948
177	1438.9	27.5	0.9947000146	0.8421999812	0.8136000037	0.6930999756	0.5608999729	0.5511999726	0.6355999708	0.6076999903	0.6244999766	0.6241999865	0.6227999926	0.6258000135	0.4848999977	0.4893000126	0.5879999995	0.5898000002
178	1446.6	27.7	0.9923999906	0.83950001	0.8151000142	0.6930000186	0.5619999766	0.548600018	0.6417999864	0.6108999848	0.6216999888	0.6244000196	0.6240000129	0.6284999847	0.4929000139	0.483799994	0.5965999961	0.5927000046
179	1454.3	27.5	0.993900001	0.8396999836	0.8133999705	0.6917999983	0.5414999723	0.5203999877	0.6369000077	0.606400013	0.6215000153	0.6243000031	0.6230000257	0.6222000122	0.4672999978	0.4796999991	0.5910000205	0.5875999928
180	1462.1	27.7	0.9934999943	0.8392000198	0.8149999976	0.692900002	0.5688999891	0.5418000221	0.6402999759	0.6083999872	0.6248000264	0.6251000166	0.6225000024	0.6161999702	0.4900000095	0.5016999841	0.5884000063	0.5874000192
181	1469.8	27.6	0.9947999716	0.8381999731	0.8129000068	0.6902999878	0.5745999813	0.5551999807	0.6366999745	0.605700016	0.6233999729	0.6248000264	0.6213999987	0.6252999902	0.4936999977	0.4887999892	0.5896000266	0.5863999724
182	1477.5	27.5	0.9929000139	0.8352000117	0.8145999908	0.6913999915	0.5515000224	0.5546000004	0.6409999728	0.6094999909	0.6207000017	0.6233000159	0.6244999766	0.6287999749	0.4713000059	0.5031999946	0.5964999795	0.5942000151
183	1485.2	27.5	0.9937999845	0.8368999958	0.815599978	0.6913999915	0.5698999763	0.556400001	0.6459000111	0.6100999713	0.6240000129	0.6231999993	0.6231999993	0.6272000074	0.502300024	0.5097000003	0.5939000249	0.5921000242
184	1492.9	27.8	0.9954000115	0.8335000277	0.8143000007	0.6904000044	0.6029000282	0.554799974	0.6378999949	0.6078000069	0.6229000092	0.6244999766	0.6220999956	0.6258000135	0.4894999862	0.5041000247	0.5898000002	0.5861999989
185	1500.5	27.7	0.9937999845	0.8338999748	0.8129000068	0.6887000203	0.5446000099	0.502399981	0.6377000213	0.6050999761	0.6208000183	0.6231999993	0.6223999858	0.6258000135	0.4683000147	0.4873000085	0.5914999843	0.5889999866
186	1508.2	27.7	0.9929000139	0.8316000104	0.8126000166	0.6883000135	0.5695000291	0.5289000273	0.6417000294	0.6107000113	0.6220999956	0.6225000024	0.6215999722	0.627300024	0.4848999977	0.4639999866	0.5939000249	0.5934000015
187	1516	27.8	0.9925000072	0.8314999938	0.8143000007	0.6887999773	0.5692999959	0.5260999799	0.6403999925	0.6083999872	0.6230999827	0.6231999993	0.6234999895	0.6277999878	0.4988999963	0.4963999987	0.5932000279	0.591899991
188	1523.7	27.8	0.9943000078	0.8302000165	0.8125	0.6883999705	0.5299999714	0.5263000131	0.6353999972	0.6072999835	0.6229000092	0.6237999797	0.6220999956	0.628099978	0.4609000087	0.4670999944	0.5909000039	0.5888000131
189	1531.4	27.6	0.9933999777	0.8288999796	0.8144999743	0.6879000068	0.579400003	0.5619999766	0.6402999759	0.6085000038	0.621999979	0.6223999858	0.6230999827	0.6237000227	0.4731000066	0.4851999879	0.5943999887	0.5922999978
190	1539.1	27.6	0.9919000268	0.8299999833	0.8111000061	0.6861000061	0.5202999711	0.554099977	0.6341999769	0.6014000177	0.6225000024	0.6229000092	0.6220999956	0.6029999852	0.4630999863	0.4715999961	0.5903999805	0.586499989
191	1546.8	27.7	0.9918000102	0.8285999894	0.8130999804	0.6852999926	0.5569000244	0.5505999923	0.6378999949	0.6029000282	0.6227999926	0.6230999827	0.6212999821	0.6252999902	0.481400013	0.4867999852	0.5892999768	0.5885999799
192	1554.5	27.8	0.9923999906	0.8251000047	0.8131999969	0.6868000031	0.5598000288	0.5346000195	0.6385999918	0.6065000296	0.6231999993	0.6240000129	0.622600019	0.627300024	0.4984999895	0.4846999943	0.5899000168	0.5867000222
193	1562.2	27.7	0.9936000109	0.8242999911	0.8134999871	0.6863999963	0.5483999848	0.524699986	0.636500001	0.6079999804	0.6233000159	0.6229000092	0.6233000159	0.628000021	0.4686999917	0.5026999712	0.5893999934	0.5932999849
194	1569.9	27.8	0.9927999973	0.8244000077	0.8136000037	0.6858999729	0.5703999996	0.5257999897	0.6406000257	0.6083999872	0.6237999797	0.6233000159	0.6227999926	0.6103000045	0.4876999855	0.4785999954	0.5913000107	0.5882999897
195	1577.6	27.5	0.9944000244	0.8248999715	0.8118000031	0.6832000017	0.5494999886	0.5393000245	0.6330000162	0.6007999778	0.6231999993	0.6251000166	0.6208000183	0.6248999834	0.4862000048	0.5001999736	0.5863999724	0.5849000216
196	1585.3	27.6	0.9923999906	0.8227999806	0.8127999902	0.685199976	0.5566999912	0.5332000256	0.6391999722	0.6054000258	0.6225000024	0.6223000288	0.6222000122	0.6218000054	0.4805999994	0.5134999752	0.5899999738	0.5899000168
197	1593	27.7	0.9926999807	0.8234999776	0.8134999871	0.6848999858	0.5396999717	0.5164999962	0.6387000084	0.6021000147	0.6233999729	0.6241000295	0.6241000295	0.6248999834	0.4828999937	0.4866999984	0.592599988	0.5903000236
198	1600.7	27.8	0.9912999868	0.82099998	0.8125	0.6830999851	0.5843999982	0.5579000115	0.638199985	0.6032000184	0.6230000257	0.6230999827	0.6207000017	0.6244999766	0.4990999997	0.5268999934	0.5896000266	0.5914000273
199	1608.4	27.7	0.9901999831	0.818599999	0.8133999705	0.6833999753	0.5580000281	0.543299973	0.6373999715	0.6051999927	0.6205999851	0.6233999729	0.6238999963	0.6154999733	0.497299999	0.4907999933	0.5936999917	0.5903999805
200	1616.1	27.8	0.9919000268	0.820200026	0.8104000092	0.681400001	0.5584999919	0.5600000024	0.638199985	0.6036999822	0.6243000031	0.6252999902	0.6201999784	0.6222000122	0.5004000068	0.4862999916	0.5885999799	0.5896000266
201	1623.8	27.7	0.9908000231	0.8173999786	0.8122000098	0.6808999777	0.5533999801	0.513899982	0.6380000114	0.6029000282	0.6212999821	0.6227999926	0.6223999858	0.6237999797	0.461499989	0.4754999876	0.5909000039	0.5889000297
202	1631.5	27.7	0.9912999868	0.8169999719	0.8137000203	0.6812999845	0.5390999913	0.5121999979	0.6385999918	0.6021000147	0.6213999987	0.6204000115	0.6220999956	0.597299993	0.4638000131	0.4826999903	0.5909000039	0.5904999971
203	1639.2	27.7	0.9911999702	0.8145999908	0.8133999705	0.681400001	0.5583000183	0.5278000236	0.6374999881	0.6050999761	0.6209999919	0.621999979	0.6231999993	0.6202999949	0.4733999968	0.4911000133	0.5939000249	0.5903999805
204	1646.9	27.6	0.9902999997	0.814800024	0.8119999766	0.6809999943	0.5591999888	0.5317000151	0.6377999783	0.6037999988	0.6220999956	0.6241000295	0.621900022	0.621900022	0.461800009	0.4733999968	0.5899000168	0.5846999884
205	1654.7	27.8	0.9911999702	0.8140000105	0.8108000159	0.679099977	0.5557000041	0.5335999727	0.6363999844	0.6028000116	0.6213999987	0.6230999827	0.6213999987	0.6229000092	0.4894999862	0.4835999906	0.5906000137	0.5874999762
206	1662.3	27.8	0.9894000292	0.8122000098	0.8130999804	0.679700017	0.5780000091	0.5327000022	0.644200027	0.6072999835	0.6216999888	0.622699976	0.6218000054	0.6119999886	0.486499995	0.5034000278	0.5931000113	0.591899991
207	1670	27.8	0.9887999892	0.8119999766	0.8125	0.6801999807	0.5782999992	0.5295000076	0.6396999955	0.6047999859	0.6225000024	0.622699976	0.6223000288	0.6243000031	0.5062000155	0.5026999712	0.5906999707	0.5907999873
208	1677.7	27.8	0.9897999763	0.8104000092	0.8119999766	0.6798999906	0.587199986	0.570200026	0.6378999949	0.6031000018	0.6223000288	0.6237999797	0.6222000122	0.6269000173	0.4932000041	0.5264000297	0.5910999775	0.5903999805
209	1685.4	27.8	0.9904000163	0.8111000061	0.8111000061	0.6772999763	0.5410000086	0.5569000244	0.6323000193	0.5992000103	0.6222000122	0.6227999926	0.6201999784	0.6215999722	0.4846000075	0.4873000085	0.5866000056	0.5849000216
210	1693.1	27.8	0.9930999875	0.8116999865	0.8120999932	0.6769000292	0.6320000291	0.5845000148	0.6387000084	0.6017000079	0.6237000227	0.625	0.6220999956	0.6115000248	0.4819000065	0.5163000226	0.5889999866	0.5874000192
211	1700.8	27.7	0.9912999868	0.8080000281	0.8130000234	0.6780999899	0.5613999963	0.502300024	0.6395999789	0.6053000093	0.6240000129	0.6238999963	0.621900022	0.6248000264	0.4896000028	0.4815999866	0.5924000144	0.5893999934
212	1708.5	27.8	0.988499999	0.8073999882	0.8116000295	0.675999999	0.5616999865	0.5126000047	0.6395000219	0.6044999957	0.6211000085	0.6229000092	0.6204000115	0.6222000122	0.4939999878	0.4772999883	0.5936999917	0.5892999768
213	1716.2	27.8	0.99150002	0.807099998	0.8133000135	0.6776000261	0.6151999831	0.5457999706	0.6369000077	0.6022999883	0.6231999993	0.6236000061	0.6236000061	0.6263999939	0.494599998	0.5041999817	0.5914999843	0.5896000266
214	1723.9	27.7	0.9893000126	0.8037999868	0.8120999932	0.6777999997	0.5551999807	0.5339000225	0.6395999789	0.6060000062	0.6215000153	0.622699976	0.622699976	0.6241000295	0.5016999841	0.4871000051	0.5914000273	0.5889000297
215	1731.6	27.8	0.9894999862	0.804700017	0.8116000295	0.6758000255	0.5751000047	0.5327000022	0.6363999844	0.6007000208	0.6225000024	0.6234999895	0.621900022	0.6236000061	0.4939999878	0.5135999918	0.5893999934	0.587100029
216	1739.4	27.7	0.9876999855	0.8036000133	0.8111000061	0.6757000089	0.550999999	0.5206000209	0.6373000145	0.6019999981	0.621900022	0.6200000048	0.6208999753	0.5954999924	0.4787999988	0.4823000133	0.5892000198	0.5878999829
217	1747.1	27.8	0.9890000224	0.8025000095	0.8113999963	0.6748999953	0.5557000041	0.5368999839	0.6384000182	0.6014000177	0.6225000024	0.6230999827	0.6215999722	0.6237000227	0.502300024	0.4957999885	0.5879999995	0.5860000253
218	1754.8	27.7	0.9904000163	0.8039000034	0.8112999797	0.6754000187	0.5623000264	0.5336999893	0.6349999905	0.6014000177	0.6223999858	0.6234999895	0.6216999888	0.6223999858	0.46450001	0.4939999878	0.5904999971	0.5878000259
219	1762.5	27.8	0.9893000126	0.8019999862	0.8104000092	0.6739000082	0.5442000031	0.5551999807	0.6360999942	0.6000999808	0.6215000153	0.622699976	0.6215000153	0.6240000129	0.5034000278	0.5081999898	0.5903000236	0.5892000198
220	1770.2	27.8	0.9880999923	0.8018000126	0.8106999993	0.6741999984	0.5399000049	0.5525000095	0.6399999857	0.6021999717	0.6220999956	0.6230000257	0.6218000054	0.6248999834	0.4839999974	0.4769000113	0.5934000015	0.5906000137
221	1777.9	27.8	0.9883000255	0.8000000119	0.8120999932	0.6741999984	0.5745999813	0.5034999847	0.6395000219	0.6004999876	0.621900022	0.6222000122	0.621999979	0.6243000031	0.4817999899	0.4981000125	0.5913000107	0.5884000063
222	1785.6	27.8	0.9889000058	0.799300015	0.8112000227	0.673600018	0.5554999709	0.5630999804	0.6360999942	0.6028000116	0.6220999956	0.621999979	0.6222000122	0.6237000227	0.5120000243	0.5080000162	0.5910000205	0.5889999866
223	1793.3	27.7	0.9883000255	0.7971000075	0.8113999963	0.6730999947	0.5598000288	0.5534999967	0.6409999728	0.6029999852	0.6197999716	0.6229000092	0.6233999729	0.6248000264	0.483099997	0.5076000094	0.5968000293	0.5899000168
224	1801	27.9	0.9879999757	0.7979999781	0.8109999895	0.6722999811	0.5429999828	0.5285000205	0.6373999715	0.5970000029	0.6230999827	0.6229000092	0.6220999956	0.6243000031	0.503099978	0.4853000045	0.5885000229	0.5866000056
225	1808.7	27.8	0.9883999825	0.7968999743	0.8106999993	0.6725999713	0.5322999954	0.5113999844	0.6362000108	0.601000011	0.6215999722	0.6230999827	0.6223999858	0.625	0.476000011	0.4796000123	0.5914000273	0.5889999866
226	1816.4	27.9	0.9872999787	0.7943999767	0.8108000159	0.6728000045	0.5580000281	0.5289999843	0.638100028	0.6021999717	0.621999979	0.6216999888	0.6225000024	0.6245999932	0.494599998	0.4695000052	0.5931000113	0.5885000229
227	1824.1	27.9	0.9883000255	0.7950000167	0.8098000288	0.670599997	0.5360999703	0.5133000016	0.6348000169	0.5989000201	0.6212000251	0.6237000227	0.6216999888	0.6234999895	0.4598999918	0.451000005	0.5910000205	0.5855000019
228	1831.7	27.8	0.9894000292	0.7946000099	0.8116999865	0.6707000136	0.5539000034	0.5353999734	0.6399999857	0.6014000177	0.6223000288	0.6225000024	0.6216999888	0.621900022	0.4749000072	0.4745000005	0.592599988	0.5907999873
229	1839.5	27.8	0.9872999787	0.7944999933	0.8112999797	0.670599997	0.5677999854	0.5350999832	0.6401000023	0.5971000195	0.622600019	0.6218000054	0.6215000153	0.6230000257	0.4851999879	0.4774000049	0.5892999768	0.5889000297
230	1847.2	27.8	0.9886000156	0.7928000093	0.8098000288	0.6703000069	0.5641999841	0.516200006	0.6345000267	0.5995000005	0.6230000257	0.6230000257	0.6211000085	0.6220999956	0.472299993	0.4986999929	0.587100029	0.5861999989
231	1854.9	27.9	0.988499999	0.7911999822	0.8119000196	0.6704999804	0.6104000211	0.5249000192	0.6395000219	0.6011000276	0.621900022	0.622600019	0.621900022	0.6255999804	0.4898000062	0.4824000001	0.5899000168	0.5881000161
232	1862.6	27.8	0.9872000217	0.7911000252	0.810100019	0.6694999933	0.5713999867	0.524600029	0.6351000071	0.5985000134	0.6225000024	0.621900022	0.621999979	0.6256999969	0.4993000031	0.4936000109	0.5910999775	0.5910000205
233	1870.3	27.8	0.9875000119	0.7890999913	0.8098000288	0.6685000062	0.5573999882	0.5254999995	0.6370999813	0.6004999876	0.621900022	0.6223999858	0.6211000085	0.6225000024	0.4898999929	0.4851999879	0.5909000039	0.5878999829
234	1878	27.8	0.986800015	0.790199995	0.8098999858	0.6696000099	0.5662000179	0.5483999848	0.6384999752	0.6013000011	0.6227999926	0.6244000196	0.621999979	0.6240000129	0.4973999858	0.513800025	0.5931000113	0.5896000266
235	1885.7	27.9	0.9875000119	0.7888000011	0.8112000227	0.6687999964	0.5734000206	0.5311999917	0.6377000213	0.5990999937	0.621900022	0.6248000264	0.6225000024	0.6230000257	0.4806999862	0.5034000278	0.5906000137	0.5866000056
236	1893.3	27.8	0.9876000285	0.7870000005	0.8115000129	0.6692000031	0.5680999756	0.5288000107	0.6360999942	0.5995000005	0.6218000054	0.6223000288	0.6225000024	0.6251999736	0.4817999899	0.4918000102	0.5935000181	0.591899991
237	1901	27.8	0.9854000211	0.7864999771	0.809499979	0.6672000289	0.533100009	0.5196999907	0.6370999813	0.5981000066	0.6208999753	0.6218000054	0.6209999919	0.6208000183	0.4821999967	0.5012000203	0.5917000175	0.5878999829
238	1908.8	27.8	0.986899972	0.7860999703	0.8100000024	0.6678000093	0.5472999811	0.5314999819	0.6385999918	0.6011000276	0.6216999888	0.6225000024	0.6212000251	0.6223000288	0.4708999991	0.4860999882	0.5928000212	0.5878999829
239	1916.5	27.9	0.9865000248	0.7843000293	0.8109999895	0.6686999798	0.5780000091	0.5275999904	0.6377000213	0.6024000049	0.6211000085	0.621999979	0.6215999722	0.6243000031	0.5008000135	0.5469999909	0.5928000212	0.5910999775
240	1924.2	27.9	0.9875000119	0.7843000293	0.8095999956	0.6671000123	0.5929999948	0.5386000276	0.6367999911	0.600399971	0.622600019	0.6220999956	0.6213999987	0.622600019	0.4968999922	0.4810000062	0.5896000266	0.5882999897
241	1931.9	27.9	0.986100018	0.7836999893	0.809400022	0.6660000086	0.5608999729	0.5281999707	0.6383000016	0.6007000208	0.621999979	0.6215000153	0.6222000122	0.6204000115	0.4762000144	0.4833999872	0.5924000144	0.5893999934
242	1939.6	27.9	0.986899972	0.7835999727	0.8105000257	0.6661000252	0.5600000024	0.532400012	0.6366999745	0.5974000096	0.6209999919	0.621900022	0.6209999919	0.6222000122	0.4796999991	0.4654000103	0.5920000076	0.5917999744
243	1947.3	27.7	0.9853000045	0.7818999887	0.8115000129	0.6657999754	0.5782999992	0.5295000076	0.6399000287	0.5985999703	0.6205000281	0.6211000085	0.6223999858	0.6215000153	0.4713000059	0.4846999943	0.5942999721	0.5893999934
244	1955	27.9	0.9853000045	0.7796000242	0.8087000251	0.6657999754	0.5544999838	0.5314000249	0.6363000274	0.6004999876	0.6205000281	0.6216999888	0.6215999722	0.6155999899	0.4961000085	0.4898000062	0.5911999941	0.5866000056
245	1962.7	27.9	0.9847999811	0.7796000242	0.8083999753	0.6649000049	0.540199995	0.5091999769	0.6384999752	0.6011000276	0.6204000115	0.6212000251	0.621999979	0.6229000092	0.4884000123	0.5041000247	0.5947999954	0.5910000205
246	1970.4	27.7	0.9850999713	0.7796000242	0.8091999888	0.6649000049	0.5608000159	0.5105999708	0.6391000152	0.5997999907	0.6205999851	0.6218000054	0.6222000122	0.6176000237	0.4817000031	0.4681000113	0.5943999887	0.5884000063
247	1978.1	27.9	0.9847999811	0.777700007	0.8087999821	0.6646999717	0.5415999889	0.5160999894	0.6391999722	0.6021000147	0.6213999987	0.622699976	0.6218000054	0.6212000251	0.4661999941	0.4986000061	0.5940999985	0.5874999762
248	1985.8	27.8	0.9858000278	0.7781999707	0.8105000257	0.6643000245	0.5480999947	0.5238999724	0.6387000084	0.5995000005	0.6212000251	0.6229000092	0.6215000153	0.6222000122	0.4927000105	0.5083000064	0.58950001	0.5884000063
249	1993.5	27.7	0.9853000045	0.7781999707	0.8111000061	0.6643999815	0.5307999849	0.5279999971	0.6406000257	0.6013000011	0.622699976	0.6230000257	0.6212999821	0.6191999912	0.4938000143	0.4866000116	0.5907999873	0.5868999958
250	2001.2	27.8	0.9854000211	0.7763000131	0.8090000153	0.6626999974	0.5480999947	0.5059999824	0.6399999857	0.601000011	0.6220999956	0.6230999827	0.6218000054	0.6211000085	0.4851999879	0.4803000093	0.5943999887	0.5870000124
251	2008.9	27.9	0.986199975	0.7774999738	0.8105000257	0.6639000177	0.5630000234	0.5351999998	0.6391999722	0.5963000059	0.622600019	0.621900022	0.6225000024	0.6229000092	0.4902000129	0.5037000179	0.5911999941	0.5913000107
252	2016.6	27.9	0.9843000174	0.7736999989	0.8083999753	0.6626999974	0.5440999866	0.5371000171	0.6351000071	0.5985999703	0.6204000115	0.6213999987	0.6208000183	0.6220999956	0.4954000115	0.5195000172	0.5877000093	0.5884000063
253	2024.3	27.7	0.9835000038	0.7742999792	0.8095999956	0.6622999907	0.5759000182	0.5260000229	0.6410999894	0.59799999	0.6208999753	0.6209999919	0.6215999722	0.6215999722	0.4749000072	0.510800004	0.592599988	0.5906000137
254	2032	27.8	0.986800015	0.774699986	0.8086000085	0.6625000238	0.5737000108	0.5464000106	0.6349999905	0.5993999839	0.6216999888	0.6215999722	0.6209999919	0.6183999777	0.464899987	0.4954000115	0.5928999782	0.5896000266
255	2039.7	27.9	0.9883000255	0.7759000063	0.8069999814	0.6601999998	0.5724999905	0.5142999887	0.6362000108	0.5985000134	0.6238999963	0.6244000196	0.6175000072	0.6205999851	0.4632999897	0.5026000142	0.5879999995	0.5839999914
256	2047.4	27.9	0.9850000143	0.7724000216	0.8086000085	0.6606000066	0.5371000171	0.4747999907	0.636500001	0.5929999948	0.6215000153	0.621900022	0.6211000085	0.621900022	0.4605000019	0.459800005	0.58950001	0.5870000124
257	2055.1	27.9	0.9832999706	0.7717999816	0.8087999821	0.6618999839	0.5558000207	0.5328000188	0.6384999752	0.6004999876	0.6211000085	0.6218000054	0.621900022	0.6204000115	0.4796999991	0.4794000089	0.5932000279	0.5875999928
258	2062.8	27.8	0.9836000204	0.7705000043	0.810100019	0.6611999869	0.55400002	0.532400012	0.6395999789	0.5997999907	0.6213999987	0.6204000115	0.6201000214	0.6129000187	0.4885999858	0.5031999946	0.5899999738	0.5899999738
259	2070.5	27.7	0.9818999767	0.7695999742	0.8084999919	0.6593999863	0.5565999746	0.5268999934	0.6383000016	0.5971999764	0.6197999716	0.6212000251	0.6208999753	0.622699976	0.4758000076	0.4819000065	0.5913000107	0.5874000192
260	2078.2	27.9	0.9850000143	0.7695000172	0.8093000054	0.6614000201	0.5580000281	0.5145000219	0.6383000016	0.5996999741	0.6208999753	0.6218000054	0.6223000288	0.6237000227	0.4787999988	0.4665000141	0.5935000181	0.5903999805
261	2085.9	27.8	0.9855999947	0.7700999975	0.8091999888	0.6592000127	0.5661000013	0.5616000295	0.6373999715	0.5963000059	0.6216999888	0.6208999753	0.6200000048	0.6204000115	0.5047000051	0.5119000077	0.5928000212	0.5911999941
262	2093.6	27.9	0.9825999737	0.7688999772	0.8075000048	0.6600999832	0.5288000107	0.513199985	0.6363000274	0.5971999764	0.6207000017	0.6205000281	0.6212999821	0.6205999851	0.4652999938	0.489199996	0.5921000242	0.5867999792
263	2101.3	27.9	0.9836999774	0.7674000263	0.8095999956	0.66049999	0.5634999871	0.5371000171	0.6399999857	0.5982999802	0.621900022	0.6209999919	0.6218000054	0.6216999888	0.4864000082	0.4862000048	0.5904999971	0.5896999836
264	2109	27.8	0.9858999848	0.7677999735	0.8090000153	0.6593999863	0.5798000097	0.5440999866	0.6355000138	0.5967000127	0.6231999993	0.6230999827	0.6213999987	0.6234999895	0.4932000041	0.4934999943	0.5900999904	0.5878999829
265	2116.7	27.9	0.9821000099	0.7655000091	0.8087000251	0.6592000127	0.5580000281	0.524699986	0.6383000016	0.5960000157	0.6202999949	0.6215000153	0.6225000024	0.6222000122	0.4778000116	0.4792999923	0.5922999978	0.5870000124
266	2124.4	27.8	0.983799994	0.7656999826	0.8077999949	0.6589999795	0.5403000116	0.4914000034	0.6347000003	0.5965999961	0.621900022	0.621999979	0.6205999851	0.6187000275	0.4806999862	0.4645999968	0.5910999775	0.586499989
267	2132.1	27.9	0.9828000069	0.766900003	0.8080000281	0.6572999954	0.549399972	0.5146999955	0.6401000023	0.5971999764	0.6216999888	0.6213999987	0.6209999919	0.6215000153	0.4686999917	0.4686000049	0.5932000279	0.5906999707
268	2139.8	27.9	0.9835000038	0.7634999752	0.8072000146	0.6578000188	0.574000001	0.5163999796	0.6352000237	0.5938000083	0.6208000183	0.6212000251	0.6194999814	0.6197000146	0.4749000072	0.5109000206	0.5885999799	0.586499989
269	2147.5	27.9	0.9836000204	0.7637000084	0.8088999987	0.6585999727	0.5568000078	0.5263000131	0.638800025	0.5975000262	0.6229000092	0.6211000085	0.6212000251	0.6204000115	0.4833000004	0.4934999943	0.5899000168	0.5892000198
270	2155.2	27.8	0.9822999835	0.7627000213	0.8072000146	0.6567000151	0.5673999786	0.5180000067	0.6380000114	0.5978000164	0.6222000122	0.6215000153	0.6205000281	0.6108999848	0.4765999913	0.4979000092	0.5921999812	0.5881999731
271	2162.9	27.9	0.9828000069	0.7616000175	0.8069999814	0.6565999985	0.5346999764	0.5037999749	0.6363000274	0.5985000134	0.6211000085	0.6184999943	0.6216999888	0.6043000221	0.491899997	0.4706999958	0.5935999751	0.590200007
272	2170.6	27.9	0.9822999835	0.7610999942	0.8072000146	0.6564000249	0.5544000268	0.519200027	0.6348000169	0.5932000279	0.6212999821	0.6209999919	0.6201999784	0.6122999787	0.488499999	0.4950000048	0.5874999762	0.584800005
273	2178.3	27.9	0.9815000296	0.7602000237	0.8068000078	0.6556000113	0.5285999775	0.5145000219	0.6355999708	0.5917999744	0.6201000214	0.6212999821	0.6201000214	0.6158999801	0.464899987	0.5063999891	0.5910999775	0.5849999785
274	2186	27.9	0.9812999964	0.7605999708	0.807099998	0.6568999887	0.549300015	0.5351999998	0.6370000243	0.5961999893	0.6222000122	0.6208999753	0.6215000153	0.6204000115	0.4925999939	0.4914000034	0.590200007	0.5913000107
275	2193.7	27.8	0.9818999767	0.7598999739	0.8084999919	0.6571000218	0.5508999825	0.5422999859	0.6373999715	0.5982999802	0.6209999919	0.6201000214	0.6205000281	0.6220999956	0.4736999869	0.4788999856	0.5896000266	0.5932000279
276	2201.5	27.9	0.9819999933	0.7598000169	0.8083999753	0.6557000279	0.5604000092	0.5167999864	0.6384999752	0.5953000188	0.6212000251	0.6208000183	0.6204000115	0.6197000146	0.4722000062	0.4968000054	0.5903999805	0.5886999965
277	2209.2	27.8	0.9815999866	0.7581999898	0.8069999814	0.6541000009	0.5643000007	0.5052000284	0.6355000138	0.5909000039	0.6200000048	0.6215999722	0.6194999814	0.6132000089	0.5117999911	0.507799983	0.5906999707	0.5881000161
278	2216.9	27.9	0.9819999933	0.7583000064	0.8065000176	0.6545000076	0.5605000257	0.5200999975	0.6349999905	0.5935999751	0.6215000153	0.6218000054	0.6212999821	0.6200000048	0.4521000087	0.4790999889	0.590200007	0.5874999762
279	2224.6	27.8	0.9808999896	0.7576000094	0.807099998	0.6549999714	0.5295000076	0.5382000208	0.6376000047	0.5968000293	0.6208000183	0.621900022	0.6208999753	0.617299974	0.4774999917	0.5066000223	0.5903000236	0.584100008
280	2232.3	27.9	0.9792000055	0.755400002	0.8072999716	0.6539000273	0.5860000253	0.5210000277	0.6406999826	0.5968999863	0.6201000214	0.6198999882	0.6201999784	0.6183000207	0.4982999861	0.5033000112	0.5935999751	0.5907999873
281	2240	27.9	0.9824000001	0.7562999725	0.8072000146	0.6545000076	0.5562999845	0.5205000043	0.6348999739	0.5953000188	0.6218000054	0.6205000281	0.6215999722	0.6205000281	0.4912	0.4819999933	0.590200007	0.5853999853
282	2247.7	27.9	0.9822000265	0.7551000118	0.8066999912	0.6534000039	0.5708000064	0.519299984	0.6362000108	0.5935000181	0.6208000183	0.6223000288	0.6197999716	0.6182000041	0.4686000049	0.5037000179	0.5910000205	0.5856999755
283	2255.4	27.9	0.9803000093	0.7559999824	0.8069000244	0.6539000273	0.5250999928	0.5209000111	0.6356999874	0.5921999812	0.6197999716	0.6222000122	0.6208000183	0.616599977	0.4686000049	0.470299989	0.5917999744	0.5856000185
284	2263.1	28	0.9817000031	0.7548000216	0.8079000115	0.6532999873	0.5659999847	0.4932000041	0.6356999874	0.5935000181	0.6223000288	0.6208000183	0.6204000115	0.6162999868	0.4736000001	0.5091999769	0.5892999768	0.5892999768
285	2270.8	28	0.9825000167	0.7551000118	0.8061000109	0.6525999904	0.5501999855	0.5167000294	0.6383000016	0.5964999795	0.6237999797	0.6220999956	0.6194000244	0.611800015	0.4896999896	0.4934999943	0.5907999873	0.5906000137
286	2278.5	27.9	0.9799000025	0.7534999847	0.8069000244	0.6528000236	0.5505999923	0.5167000294	0.6373999715	0.5940999985	0.6215000153	0.6211000085	0.6197999716	0.6186000109	0.4875999987	0.486499995	0.5899000168	0.5874000192
287	2286.2	27.9	0.9800999761	0.7538999915	0.806400001	0.6531999707	0.5275999904	0.5217000246	0.6345999837	0.58950001	0.622600019	0.6208000183	0.6204000115	0.6093000174	0.4882999957	0.4774000049	0.5889999866	0.5859000087
288	2293.9	27.9	0.9822999835	0.7512999773	0.807099998	0.6529999971	0.5576000214	0.4921999872	0.6371999979	0.5958999991	0.621999979	0.6204000115	0.6205999851	0.6205999851	0.4929000139	0.4578999877	0.5899000168	0.5906000137
289	2301.6	28	0.9822999835	0.7516000271	0.8069999814	0.6523000002	0.5207999945	0.5259000063	0.6335999966	0.5917000175	0.6216999888	0.6225000024	0.6200000048	0.6151999831	0.4760999978	0.4988000095	0.5889000297	0.5857999921
290	2309.3	27.9	0.9811999798	0.7505999804	0.8058999777	0.6534000039	0.5579000115	0.5339999795	0.6344000101	0.5950999856	0.6208000183	0.6211000085	0.6212000251	0.618900001	0.4869000018	0.5001000166	0.5924000144	0.5868999958
291	2317	27.9	0.9785000086	0.7505000234	0.8059999943	0.6523000002	0.5159000158	0.5697000027	0.635800004	0.5935999751	0.6222000122	0.6211000085	0.6197000146	0.6100000143	0.4862000048	0.485799998	0.5885000229	0.5853000283
292	2324.7	27.9	0.9800999761	0.7491999865	0.8069000244	0.6524999738	0.5088999867	0.5314000249	0.6378999949	0.5953000188	0.6205000281	0.6200000048	0.6208999753	0.6140000224	0.4763000011	0.4718999863	0.5906999707	0.5886999965
293	2332.4	28	0.9786999822	0.75	0.807099998	0.6521999836	0.5835000277	0.5437999964	0.6410999894	0.5946999788	0.6202999949	0.6208000183	0.621900022	0.6201000214	0.448300004	0.5152000189	0.5961999893	0.5932999849
294	2340.1	27.9	0.9828000069	0.7497000098	0.8072999716	0.6506999731	0.6571000218	0.5781000257	0.6352999806	0.5924000144	0.6227999926	0.6222000122	0.6193000078	0.6191999912	0.5153999925	0.5195999742	0.5859000087	0.5881999731
295	2347.8	27.9	0.9790999889	0.7475000024	0.8065000176	0.6514000297	0.5921999812	0.5034000278	0.6378999949	0.5942999721	0.6191999912	0.6194999814	0.6223000288	0.6096000075	0.4925999939	0.4880000055	0.597299993	0.5899000168
296	2355.5	28	0.9799000025	0.7472000122	0.8044999838	0.649600029	0.5784999728	0.5461999774	0.6337000132	0.5927000046	0.6201999784	0.6204000115	0.6204000115	0.6183999777	0.4648000002	0.5320000052	0.5917999744	0.5884000063
297	2363.2	28	0.9789999723	0.7465000153	0.8048999906	0.6500999928	0.5504999757	0.522300005	0.6348000169	0.5942000151	0.6211000085	0.6187999845	0.6193000078	0.5985999703	0.4456999898	0.4911000133	0.5882999897	0.5860000253
298	2371	28	0.9800000191	0.7468000054	0.8051999807	0.6502000093	0.5823000073	0.540199995	0.6367999911	0.5939999819	0.6208000183	0.6208999753	0.6194000244	0.611199975	0.4629000127	0.4988999963	0.5916000009	0.5874999762
299	2378.7	28.2	0.9799000025	0.7459999919	0.8059999943	0.6502000093	0.5746999979	0.5310000181	0.636500001	0.5931000113	0.6215000153	0.6222000122	0.6213999987	0.618900001	0.4815999866	0.4907999933	0.5929999948	0.5856000185
300	2386.4	28.2	0.9792000055	0.7440999746	0.8059999943	0.6513000131	0.5620999932	0.5296999812	0.6371999979	0.5963000059	0.6208000183	0.6211000085	0.6211000085	0.6164000034	0.5220999718	0.4984000027	0.5928000212	0.587100029
301	2394.1	27.9	0.9804000258	0.7452999949	0.8065000176	0.649600029	0.6028000116	0.5433999896	0.635800004	0.592599988	0.6218000054	0.6186000109	0.619599998	0.6201999784	0.5022000074	0.5159999728	0.590200007	0.5882999897

