Cycle	Time	Temp	A1	A2	A3	B1	B2	B3	C1	C2	C3	D1	D2	D3	E1	E2	E3	F1	F2	F3	G1	G2	G3	H1	H2	H3
1	0	26.1	0.5588999987	0.5612000227	0.5386000276	0.5677000284	0.5684000254	0.5683000088	0.486499995	0.4871999919	0.4837000072	0.5644000173	0.5583999753	0.5521000028	0.543900013	0.5397999883	0.5536999702	0.5735999942	0.5446000099	0.5626000166	0.4465000033	0.4914000034	0.4805000126	0.5588999987	0.5573999882	0.5533000231
2	7.8	26.1	0.5587999821	0.5612000227	0.5396000147	0.5681999922	0.5677999854	0.5662999749	0.4859000146	0.4893000126	0.4916999936	0.5649999976	0.5562000275	0.5460000038	0.5425000191	0.5386999846	0.5534999967	0.5759000182	0.543900013	0.5625	0.4507000148	0.4934000075	0.4959999919	0.5626999736	0.5573999882	0.5536000133
3	15.5	26	0.5582000017	0.5616000295	0.5400000215	0.5680000186	0.5680000186	0.5672000051	0.4955999851	0.4920000136	0.5005999804	0.5681999922	0.5595999956	0.5508000255	0.5443999767	0.5368000269	0.5519000292	0.5748000145	0.5437999964	0.564800024	0.4821000099	0.5	0.5019999743	0.5649999976	0.5634999871	0.5606999993
4	23.3	26.1	0.5590999722	0.5638999939	0.5407000184	0.5669999719	0.5666000247	0.5662999749	0.4805000126	0.4742999971	0.4794999957	0.564800024	0.5515000224	0.5479000211	0.543900013	0.537899971	0.55400002	0.5745000243	0.5426999927	0.5611000061	0.4650000036	0.4794000089	0.4817999899	0.5619000196	0.5583999753	0.5501999855
5	31	26.1	0.5573999882	0.5613999963	0.5386000276	0.5673000216	0.567900002	0.5694000125	0.4805999994	0.467900008	0.4880999923	0.5674999952	0.557099998	0.5505999923	0.543299973	0.5360999703	0.5518000126	0.575600028	0.5442000031	0.5627999902	0.4862999916	0.4801000059	0.4560000002	0.5633999705	0.5633999705	0.5533999801
6	38.8	26	0.5586000085	0.5611000061	0.5396999717	0.5684000254	0.5691000223	0.5674999952	0.481400013	0.485799998	0.4663999975	0.5676000118	0.5611000061	0.5503000021	0.543299973	0.534799993	0.5522999763	0.5752999783	0.5457999706	0.5630000234	0.475699991	0.4745999873	0.4747000039	0.5637000203	0.5654000044	0.5550000072
7	46.6	26.2	0.5591999888	0.5636000037	0.5394999981	0.5676000118	0.5695000291	0.5695000291	0.4738000035	0.4722000062	0.4720000029	0.5645999908	0.5568000078	0.5473999977	0.5444999933	0.5371999741	0.5518000126	0.5752000213	0.5450000167	0.5625	0.4616999924	0.4762000144	0.4616000056	0.5612999797	0.5595999956	0.5552999973
8	54.3	26.2	0.5572999716	0.5606999993	0.538500011	0.567900002	0.5695000291	0.5691999793	0.4794000089	0.4431999922	0.4684000015	0.567900002	0.5605000257	0.5530999899	0.5419999957	0.5351999998	0.5515999794	0.5766000152	0.5457000136	0.5634999871	0.4454999864	0.472299993	0.4564999938	0.5662000179	0.5651999712	0.5573999882
9	62.1	26.2	0.5582000017	0.5609999895	0.5389000177	0.5683000088	0.5697000027	0.5690000057	0.4968999922	0.4891000092	0.5062000155	0.5656999946	0.5588999987	0.5512999892	0.5425999761	0.5350999832	0.550999999	0.576399982	0.5447000265	0.5625	0.4853999913	0.4837000072	0.4794000089	0.5626000166	0.5623999834	0.5562999845
10	69.9	26.1	0.5587000251	0.5625	0.5396000147	0.5691000223	0.5705000162	0.5677999854	0.4799000025	0.4697000086	0.4871000051	0.5659000278	0.5616999865	0.550999999	0.5424000025	0.5367000103	0.5508999825	0.5759999752	0.5461000204	0.5634999871	0.4665000141	0.4666000009	0.4683000147	0.5659000278	0.5647000074	0.5533000231
11	77.6	26	0.5588999987	0.5625	0.5414999723	0.5691999793	0.5699999928	0.5691999793	0.4979000092	0.5026999712	0.5001000166	0.5674999952	0.5587999821	0.5494999886	0.5433999896	0.5389999747	0.5536000133	0.5770999789	0.5457000136	0.5630999804	0.4765000045	0.4972000122	0.4954999983	0.565599978	0.5598000288	0.5539000034
12	85.4	26.1	0.5597000122	0.5616999865	0.5400000215	0.5684000254	0.5701000094	0.568599999	0.4774999917	0.483099997	0.4889999926	0.5669999719	0.5616999865	0.5514000058	0.5442000031	0.5382999778	0.5515999794	0.5770000219	0.5457000136	0.5631999969	0.4821999967	0.4675000012	0.4799999893	0.5665000081	0.5595999956	0.5572000146
13	93.2	26.2	0.5606999993	0.5644000173	0.5410000086	0.5674999952	0.5690000057	0.5687000155	0.4909999967	0.4900999963	0.469599992	0.5659000278	0.5568000078	0.551699996	0.545599997	0.5386000276	0.5546000004	0.5748000145	0.5454999804	0.5625	0.4729000032	0.4754000008	0.4952999949	0.5606999993	0.5622000098	0.5521000028
14	100.9	26.2	0.560199976	0.5626000166	0.5406000018	0.5687999725	0.570299983	0.5699999928	0.4686000049	0.4607000053	0.4578000009	0.5695000291	0.5618000031	0.5534999967	0.5444999933	0.5386000276	0.5522999763	0.5774999857	0.5465999842	0.5615000129	0.4569000006	0.4573000073	0.4560000002	0.5659000278	0.5644999743	0.554700017
15	108.7	26.2	0.559400022	0.5625	0.5412999988	0.5680000186	0.5698000193	0.568599999	0.4571999907	0.4744000137	0.47299999	0.5641000271	0.5590000153	0.5483999848	0.5436999798	0.5375999808	0.5533999801	0.5767999887	0.5475999713	0.5630000234	0.4627999961	0.4727999866	0.4603999853	0.5644000173	0.5630999804	0.5530999899
16	116.5	26.1	0.5587999821	0.5636000037	0.5389999747	0.5677000284	0.5698000193	0.5698000193	0.4794999957	0.4731000066	0.4582999945	0.5663999915	0.5577999949	0.5526999831	0.5436000228	0.5389999747	0.5519000292	0.5769000053	0.5457999706	0.5633000135	0.4611000121	0.4573999941	0.4878000021	0.5649999976	0.5605000257	0.5541999936
17	124.2	26.2	0.559400022	0.5612999797	0.5396000147	0.567900002	0.570299983	0.5680999756	0.4903999865	0.478700012	0.4668000042	0.5676000118	0.5615000129	0.5508000255	0.5446000099	0.5372999907	0.5533000231	0.5766999722	0.546299994	0.5623000264	0.4718999863	0.4674000144	0.4731999934	0.5638999939	0.5645999908	0.5527999997
18	132	26.2	0.5598000288	0.5633000135	0.5396999717	0.5683000088	0.5701000094	0.5699999928	0.4975999892	0.4850000143	0.4824000001	0.5662999749	0.5604000092	0.5541999936	0.5443999767	0.537800014	0.5525000095	0.5766000152	0.5465999842	0.5630999804	0.4587000012	0.4812999964	0.4765999913	0.5640000105	0.5641000271	0.5555999875
19	139.8	26.2	0.5590999722	0.5631999969	0.5407000184	0.5684000254	0.5708000064	0.5680999756	0.4783000052	0.4896000028	0.4745000005	0.5692999959	0.5616999865	0.5490999818	0.5451999903	0.5390999913	0.5526999831	0.5769000053	0.5491999984	0.5644000173	0.4713000059	0.4686000049	0.4715000093	0.5644000173	0.5699999928	0.5579000115
20	147.5	26.2	0.5616000295	0.564899981	0.5404000282	0.5663999915	0.5701000094	0.5691000223	0.4902999997	0.4661999941	0.4612999856	0.5606999993	0.5582000017	0.5526000261	0.5454999804	0.5382999778	0.554700017	0.576300025	0.5461999774	0.5629000068	0.4521999955	0.4727999866	0.4846000075	0.5618000031	0.5629000068	0.5518000126
21	155.3	26.2	0.559400022	0.5658000112	0.5404000282	0.5673000216	0.5694000125	0.5690000057	0.4708999991	0.4654000103	0.4715000093	0.5670999885	0.5566999912	0.5505999923	0.5454000235	0.5389999747	0.5539000034	0.5770000219	0.5468000174	0.5630000234	0.451000005	0.4717000127	0.4690000117	0.5602999926	0.5622000098	0.5541999936
22	163.1	26.2	0.5600000024	0.5640000105	0.5399000049	0.5676000118	0.57099998	0.5705999732	0.4726999998	0.4848000109	0.4661999941	0.5652999878	0.5582000017	0.554099977	0.5443000197	0.5390999913	0.5526999831	0.5780000091	0.5489000082	0.5640000105	0.4469000101	0.4722000062	0.4801999927	0.5659999847	0.5659999847	0.5561000109
23	170.8	26.2	0.5598999858	0.5637999773	0.5406000018	0.5669000149	0.5691000223	0.5691000223	0.4724999964	0.475699991	0.4711999893	0.5690000057	0.5590999722	0.5533999801	0.5446000099	0.5388000011	0.5522000194	0.5760999918	0.5464000106	0.5619000196	0.4580999911	0.4674000144	0.4778000116	0.564899981	0.5636000037	0.5559999943
24	178.6	26.2	0.5597000122	0.5631999969	0.5397999883	0.5677999854	0.5698000193	0.5694000125	0.4787999988	0.4751000106	0.4938000143	0.5688999891	0.560199976	0.5532000065	0.543900013	0.5382000208	0.5523999929	0.5762000084	0.5468999743	0.5629000068	0.4677000046	0.4691999853	0.4862999916	0.5647000074	0.5627999902	0.5555999875
25	186.3	26.2	0.560199976	0.5645999908	0.5411999822	0.5676000118	0.5705000162	0.5698000193	0.4670000076	0.4894999862	0.4612999856	0.5673000216	0.5598000288	0.5508000255	0.5449000001	0.5388000011	0.5536000133	0.5777000189	0.5472999811	0.5633999705	0.4776000082	0.481400013	0.4851000011	0.5647000074	0.5643000007	0.5548999906
26	194.1	26.2	0.559400022	0.5644000173	0.5411000252	0.5665000081	0.5694000125	0.5684999824	0.4700999856	0.4785000086	0.483799994	0.5677000284	0.557099998	0.5508999825	0.5444999933	0.5404999852	0.5537999868	0.5758000016	0.5461999774	0.5629000068	0.4706999958	0.464899987	0.4842999876	0.5651999712	0.5634999871	0.5548999906
27	201.9	26.2	0.5611000061	0.565599978	0.5407000184	0.5669999719	0.570299983	0.5680000186	0.4718999863	0.4740999937	0.4779999852	0.567900002	0.559499979	0.5504999757	0.5454999804	0.5389000177	0.5526000261	0.5767999887	0.5479999781	0.5634999871	0.4602000117	0.4790999889	0.4605000019	0.5620999932	0.5687000155	0.5579000115
28	209.6	26.3	0.5600000024	0.564899981	0.5412999988	0.5673999786	0.5719000101	0.5703999996	0.4681999981	0.4688000083	0.4747999907	0.565599978	0.5590999722	0.5543000102	0.5460000038	0.5396000147	0.5541999936	0.5770999789	0.5471000075	0.5629000068	0.4587000012	0.4778999984	0.4706999958	0.5629000068	0.5647000074	0.554700017
29	217.4	26.5	0.5602999926	0.564800024	0.5404999852	0.5683000088	0.5705999732	0.5698000193	0.4785999954	0.4966000021	0.4659000039	0.5699999928	0.5579000115	0.5494999886	0.5450999737	0.5386000276	0.5536999702	0.5777999759	0.5479999781	0.5631999969	0.4666999876	0.4790000021	0.462199986	0.5645999908	0.5665000081	0.5548999906
30	225.2	26.3	0.5609999895	0.5656999946	0.5422999859	0.5680000186	0.5712000132	0.5692999959	0.4934000075	0.4925999939	0.4981999993	0.5681999922	0.5605999827	0.5533000231	0.5460000038	0.5403000116	0.5543000102	0.5769000053	0.5475000143	0.5626999736	0.5126000047	0.4925000072	0.4947000146	0.564899981	0.5651000142	0.5554999709
31	232.9	26.2	0.5602999926	0.564800024	0.5421000123	0.567900002	0.5697000027	0.570299983	0.4618999958	0.46450001	0.488499999	0.5677999854	0.5576999784	0.5515999794	0.5464000106	0.5400000215	0.5532000065	0.5780000091	0.5483000278	0.5623000264	0.4603999853	0.4726999998	0.4792000055	0.5641000271	0.5662000179	0.5534999967
32	240.7	26.3	0.560199976	0.5630000234	0.540899992	0.5673000216	0.5701000094	0.5687000155	0.4736000001	0.478700012	0.4765000045	0.5670999885	0.5609999895	0.5501000285	0.5449000001	0.5393000245	0.5518000126	0.5776000023	0.5489000082	0.5618000031	0.4788999856	0.4823000133	0.4778999984	0.5649999976	0.5676000118	0.5555999875
33	248.5	26.3	0.5595999956	0.5643000007	0.5414999723	0.5669000149	0.5701000094	0.5691000223	0.4909000099	0.4720999897	0.4715000093	0.5662999749	0.5583999753	0.5504000187	0.5465000272	0.5390999913	0.5534999967	0.5781000257	0.5472999811	0.5636000037	0.4747999907	0.4814999998	0.4927999973	0.5623999834	0.5645999908	0.556400001
34	256.2	26.4	0.560199976	0.5644999743	0.5419999957	0.5669999719	0.570900023	0.5695000291	0.4808999896	0.4769999981	0.4767999947	0.5680999756	0.5622000098	0.550999999	0.5457000136	0.540199995	0.5536999702	0.5780000091	0.5485000014	0.5637000203	0.4410000145	0.4630999863	0.4744000137	0.5647000074	0.5677000284	0.5579000115
35	264	26.2	0.5612000227	0.5644000173	0.5414000154	0.568599999	0.5726000071	0.5706999898	0.4970999956	0.4814999998	0.4700999856	0.5681999922	0.5636000037	0.5544999838	0.5464000106	0.5386000276	0.5539000034	0.5782999992	0.5478000045	0.5633000135	0.4952000082	0.4499999881	0.5081999898	0.5630000234	0.5652999878	0.5551999807
36	271.7	26.2	0.5602999926	0.5643000007	0.540899992	0.5691000223	0.5719000101	0.5695000291	0.4884000123	0.4871999919	0.4718999863	0.5688999891	0.5609999895	0.5500000119	0.5454999804	0.5386999846	0.5534999967	0.5784999728	0.5480999947	0.5629000068	0.4900000095	0.4760999978	0.4948999882	0.5649999976	0.5645999908	0.5527999997
37	279.5	26.2	0.5580999851	0.5647000074	0.5406000018	0.5676000118	0.5699999928	0.5698000193	0.4747000039	0.475699991	0.465200007	0.5661000013	0.5573999882	0.5511000156	0.5440999866	0.5396000147	0.5529999733	0.5781999826	0.5475999713	0.5631999969	0.4609999955	0.4851999879	0.4693000019	0.5651000142	0.5622000098	0.5554999709
38	287.3	26.5	0.5612000227	0.5662000179	0.5424000025	0.5687000155	0.5703999996	0.5698999763	0.46419999	0.4700999856	0.4519000053	0.5640000105	0.5565999746	0.5525000095	0.5454000235	0.5407999754	0.5533000231	0.5788999796	0.548600018	0.5631999969	0.4557999969	0.4551999867	0.4578999877	0.5667999983	0.5656999946	0.5559999943
39	295	26.3	0.5591999888	0.5645999908	0.5407000184	0.5687000155	0.5724999905	0.5716000199	0.4736999869	0.4855999947	0.4740999937	0.5705999732	0.5615000129	0.5543000102	0.5451999903	0.5381000042	0.5526999831	0.5799000263	0.5497000217	0.5645999908	0.4677000046	0.4774000049	0.4715000093	0.5676000118	0.5673999786	0.5583999753
40	302.8	26.2	0.5598000288	0.5651000142	0.5414999723	0.568599999	0.5720000267	0.5695000291	0.4600000083	0.4607000053	0.4569000006	0.5691999793	0.5612999797	0.5503000021	0.5454999804	0.5392000079	0.5532000065	0.5781000257	0.5479000211	0.5626999736	0.4433000088	0.472600013	0.4677000046	0.5654000044	0.5641000271	0.5541999936
41	310.6	26.2	0.5597000122	0.5641000271	0.5403000116	0.5663999915	0.57099998	0.5698999763	0.4921999872	0.4835999906	0.4803000093	0.564800024	0.5612000227	0.5523999929	0.5457999706	0.5382000208	0.5526000261	0.5774999857	0.5475999713	0.5626000166	0.4469999969	0.4808000028	0.4650000036	0.5630000234	0.5654000044	0.554700017
42	318.3	26.5	0.5587999821	0.5644000173	0.5419999957	0.5662999749	0.5713000298	0.5706999898	0.4801000059	0.4747000039	0.4835000038	0.5691000223	0.5630999804	0.5515000224	0.5454000235	0.5382999778	0.5529999733	0.5778999925	0.5485000014	0.5641999841	0.4544999897	0.4659000039	0.4713000059	0.5647000074	0.5699999928	0.5584999919
43	326.1	26.3	0.5593000054	0.5647000074	0.5389999747	0.5681999922	0.5716999769	0.5701000094	0.4848000109	0.4787999988	0.4553999901	0.5703999996	0.5612999797	0.5562999845	0.5453000069	0.5394999981	0.5529000163	0.5785999894	0.5485000014	0.5630999804	0.46450001	0.4661000073	0.4765000045	0.5667999983	0.5666999817	0.5569000244
44	333.9	26.5	0.5587000251	0.5641000271	0.5410000086	0.5684999824	0.5723000169	0.5717999935	0.4634000063	0.4742999971	0.4686999917	0.5722000003	0.5626999736	0.5580000281	0.5447999835	0.5386000276	0.5536000133	0.579400003	0.5507000089	0.5644000173	0.4542999864	0.4758999944	0.4627999961	0.5688999891	0.5697000027	0.559499979
45	341.6	26.3	0.5612000227	0.5643000007	0.5418000221	0.5688999891	0.5730999708	0.5705000162	0.491899997	0.4914999902	0.4824999869	0.5710999966	0.564800024	0.5537999868	0.5458999872	0.5394999981	0.5529999733	0.5781000257	0.5485000014	0.5629000068	0.4772000015	0.4884000123	0.4873999953	0.5654000044	0.5662000179	0.5568000078
46	349.4	26.5	0.5597000122	0.5641000271	0.5418000221	0.5672000051	0.5708000064	0.5701000094	0.4740999937	0.4643000066	0.4756000042	0.5659000278	0.5612999797	0.550999999	0.5473999977	0.5393000245	0.5541999936	0.5780000091	0.5478000045	0.5641999841	0.4803000093	0.4659999907	0.4979999959	0.5640000105	0.5651000142	0.5579000115
47	357.2	26.3	0.5598000288	0.564800024	0.5415999889	0.5673999786	0.5720999837	0.570299983	0.4754999876	0.4909000099	0.4769999981	0.5695999861	0.5608000159	0.5533000231	0.5447000265	0.5392000079	0.5515000224	0.5778999925	0.5480999947	0.5638999939	0.4663000107	0.4796999991	0.4936000109	0.5665000081	0.5651999712	0.559499979
48	364.9	26.4	0.560100019	0.5651999712	0.5411999822	0.5681999922	0.5715000033	0.5691999793	0.4629999995	0.4774999917	0.4749000072	0.5705000162	0.5612000227	0.5504000187	0.5487999916	0.5399000049	0.5522999763	0.5781000257	0.5475999713	0.5627999902	0.4454999864	0.4767000079	0.4695000052	0.5659000278	0.5647000074	0.5579000115
49	372.7	26.4	0.5598999858	0.5662000179	0.5406000018	0.5661000013	0.5713999867	0.5694000125	0.4839999974	0.4810000062	0.4745999873	0.5663999915	0.5598999858	0.550999999	0.5457999706	0.5382000208	0.5539000034	0.5785999894	0.5482000113	0.5625	0.4765000045	0.4853999913	0.4765999913	0.565500021	0.5654000044	0.5537999868
50	380.4	26.5	0.5606999993	0.5670999885	0.5424000025	0.5674999952	0.57099998	0.5692999959	0.4769999981	0.4826999903	0.4851999879	0.567900002	0.5580999851	0.5505999923	0.5471000075	0.5407000184	0.5534999967	0.5788000226	0.5483999848	0.5634999871	0.467900008	0.4855999947	0.4754000008	0.5651999712	0.5652999878	0.5561000109
51	388.2	26.5	0.5619999766	0.5673000216	0.5424000025	0.5670999885	0.5722000003	0.5705000162	0.4900999963	0.4912	0.4812999964	0.5651000142	0.5606999993	0.5518000126	0.5468000174	0.5392000079	0.5543000102	0.5777000189	0.5482000113	0.5641000271	0.4749000072	0.4828000069	0.4912	0.5659999847	0.5670999885	0.5590000153
52	396	26.3	0.5615000129	0.5654000044	0.5421000123	0.567900002	0.5720000267	0.570299983	0.4729000032	0.4684000015	0.4713999927	0.5666999817	0.5618000031	0.550999999	0.5521000028	0.5407000184	0.5536000133	0.5792000294	0.5487999916	0.5638999939	0.4467000067	0.4643000066	0.4805000126	0.5651999712	0.5634999871	0.557099998
53	403.7	26.5	0.5605999827	0.5672000051	0.5422999859	0.5669999719	0.5727999806	0.5692999959	0.4796000123	0.4826999903	0.4821999967	0.5673000216	0.5612999797	0.5505999923	0.5522999763	0.5400999784	0.55400002	0.5782999992	0.5489000082	0.5634999871	0.4799000025	0.4729000032	0.4826000035	0.5644999743	0.564899981	0.5552999973
54	411.5	26.5	0.5602999926	0.5661000013	0.5410000086	0.5676000118	0.5723999739	0.5719000101	0.4848000109	0.4916000068	0.4826000035	0.5692999959	0.5626000166	0.5543000102	0.5465000272	0.5404999852	0.554799974	0.5798000097	0.5501999855	0.5637000203	0.4638000131	0.4778999984	0.4762000144	0.568599999	0.5691999793	0.554799974
55	419.3	26.5	0.5595999956	0.5645999908	0.5404999852	0.5687000155	0.5712000132	0.570900023	0.4788999856	0.4666999876	0.4837000072	0.5705999732	0.5602999926	0.5562000275	0.5454000235	0.5375000238	0.5541999936	0.5795000196	0.5490000248	0.5636000037	0.4754999876	0.4754000008	0.4702000022	0.5690000057	0.5695000291	0.557099998
56	427	26.5	0.5598999858	0.5662000179	0.5407999754	0.5663999915	0.5720999837	0.5697000027	0.4763999879	0.4824000001	0.4792000055	0.5662000179	0.5598000288	0.5511000156	0.5475000143	0.540199995	0.554099977	0.5788000226	0.5483999848	0.5630999804	0.4688000083	0.4801999927	0.4914000034	0.5643000007	0.5619999766	0.5533000231
57	434.8	26.5	0.5605000257	0.5656999946	0.5412999988	0.5662000179	0.5715000033	0.5698999763	0.453399986	0.462199986	0.4704000056	0.5680999756	0.5605000257	0.5515000224	0.5479000211	0.5400000215	0.5532000065	0.5791000128	0.548699975	0.5627999902	0.461800009	0.4684999883	0.477699995	0.5663999915	0.564899981	0.5539000034
58	442.6	26.5	0.5611000061	0.5663999915	0.5421000123	0.5692999959	0.5741999745	0.5706999898	0.4907000065	0.4636000097	0.4711999893	0.5716000199	0.5633999705	0.5521000028	0.5490999818	0.5399000049	0.5546000004	0.5806999803	0.5515999794	0.564800024	0.4772000015	0.4828999937	0.4781000018	0.5666000247	0.5698000193	0.5562000275
59	450.3	26.5	0.5613999963	0.5663999915	0.5419999957	0.5663999915	0.5710999966	0.5684999824	0.469900012	0.4860000014	0.4758000076	0.5662000179	0.5587999821	0.5483000278	0.5475999713	0.5399000049	0.5546000004	0.5778999925	0.5475999713	0.5626999736	0.467900008	0.4580000043	0.4833999872	0.5625	0.5626999736	0.5541999936
60	458.1	26.5	0.5602999926	0.5662999749	0.5425000191	0.5673000216	0.5730999708	0.5699999928	0.4966999888	0.4927999973	0.4900000095	0.5687999725	0.5625	0.5504000187	0.5464000106	0.5400000215	0.554799974	0.5781999826	0.5496000051	0.5640000105	0.4878999889	0.4970999956	0.4887999892	0.5670999885	0.5654000044	0.5552999973
61	465.8	26.5	0.5611000061	0.565599978	0.5425000191	0.5681999922	0.5741999745	0.5710999966	0.4826999903	0.4945000112	0.4794000089	0.5684999824	0.5636000037	0.5511000156	0.5471000075	0.5400000215	0.5544999838	0.5788999796	0.5483000278	0.5641999841	0.4539999962	0.4921999872	0.4801000059	0.5649999976	0.5641000271	0.5558000207
62	473.6	26.5	0.5602999926	0.5665000081	0.5424000025	0.567900002	0.5731999874	0.5706999898	0.4778000116	0.4772999883	0.4810000062	0.5687999725	0.5626999736	0.5523999929	0.5508999825	0.5396000147	0.5544999838	0.5792000294	0.5497999787	0.5633999705	0.4720000029	0.4810000062	0.4826999903	0.5661000013	0.5652999878	0.5554999709
63	481.4	26.5	0.5598000288	0.5658000112	0.5411000252	0.5673000216	0.5716000199	0.5698000193	0.4844999909	0.4828000069	0.4862999916	0.5667999983	0.5590999722	0.5511999726	0.5501000285	0.5396000147	0.5525000095	0.5784999728	0.548699975	0.5637000203	0.4436999857	0.4889999926	0.4821000099	0.5638999939	0.5631999969	0.5566999912
64	489.1	26.5	0.5598999858	0.5666000247	0.5422999859	0.5683000088	0.5730999708	0.570900023	0.4699999988	0.4751000106	0.4569000006	0.5703999996	0.5609999895	0.5526999831	0.5457000136	0.5388000011	0.5536999702	0.5820000172	0.5497000217	0.5640000105	0.4636999965	0.4575999975	0.4869000018	0.5670999885	0.5674999952	0.5569999814
65	496.9	26.7	0.5612999797	0.5673000216	0.5415999889	0.567900002	0.5727999806	0.570299983	0.4968999922	0.4889000058	0.4787999988	0.5673999786	0.5616000295	0.5525000095	0.5471000075	0.5396999717	0.5544000268	0.5805000067	0.5497000217	0.5643000007	0.4713000059	0.4955999851	0.472600013	0.5666999817	0.5658000112	0.5552999973
66	504.7	26.7	0.5604000092	0.5662000179	0.5418000221	0.5673000216	0.5723999739	0.5697000027	0.4866000116	0.4848000109	0.4963999987	0.5672000051	0.5608000159	0.5508999825	0.5464000106	0.538500011	0.5539000034	0.5799000263	0.5505999923	0.5644000173	0.4550999999	0.4742000103	0.4697000086	0.5661000013	0.5684000254	0.557099998
67	512.4	26.5	0.5609999895	0.5659000278	0.5429000258	0.5681999922	0.5720999837	0.5706999898	0.4591999948	0.4769000113	0.4754000008	0.5691999793	0.5622000098	0.5526999831	0.5479000211	0.5400999784	0.5544999838	0.5796999931	0.5494999886	0.5643000007	0.4652999938	0.4848999977	0.476000011	0.5659999847	0.5654000044	0.5583000183
68	520.2	26.5	0.5612999797	0.5665000081	0.5429000258	0.5691999793	0.5723999739	0.5705000162	0.4788999856	0.4700999856	0.4605000019	0.5691000223	0.5580000281	0.5500000119	0.5469999909	0.5406000018	0.5551999807	0.5807999969	0.5490000248	0.5638999939	0.4562000036	0.4751000106	0.4677000046	0.5667999983	0.5634999871	0.5533999801
69	528	26.5	0.559400022	0.5681999922	0.5426999927	0.5677000284	0.5720999837	0.5699999928	0.4611999989	0.4683000147	0.4704000056	0.5687000155	0.5580000281	0.5519999862	0.548600018	0.5400000215	0.5562999845	0.5788999796	0.5489000082	0.5638999939	0.4512000084	0.4742000103	0.4796000123	0.5638999939	0.5608000159	0.5533000231
70	535.7	26.6	0.5605999827	0.5676000118	0.5421000123	0.5665000081	0.5730000138	0.5705000162	0.4702000022	0.4914999902	0.4771000147	0.5695000291	0.5638999939	0.5541999936	0.5483000278	0.5400999784	0.554799974	0.5788000226	0.548699975	0.5640000105	0.4848000109	0.4704000056	0.4885999858	0.5658000112	0.5661000013	0.5561000109
71	543.5	26.6	0.5616999865	0.5669000149	0.5433999896	0.567900002	0.5737000108	0.5715000033	0.4600999951	0.46450001	0.4566000104	0.5691000223	0.5637000203	0.5525000095	0.5476999879	0.5404999852	0.5551999807	0.5800999999	0.5496000051	0.5647000074	0.4467999935	0.4758000076	0.4722000062	0.5670999885	0.5647000074	0.5582000017
72	551.2	26.5	0.5604000092	0.5662000179	0.5414999723	0.5680999756	0.573300004	0.5705000162	0.4857000113	0.4846999943	0.4943999946	0.5698999763	0.5633000135	0.5512999892	0.5511999726	0.5374000072	0.5536000133	0.5792999864	0.5511000156	0.5640000105	0.4708999991	0.4722000062	0.4776000082	0.5638999939	0.568599999	0.5565000176
73	559	26.6	0.5605000257	0.5676000118	0.5418000221	0.5676000118	0.5734999776	0.5710999966	0.4736999869	0.4668000042	0.4690000117	0.5720000267	0.5644000173	0.5554000139	0.5533999801	0.5397999883	0.5554000139	0.5799000263	0.549399972	0.5637999773	0.4675000012	0.4762000144	0.47299999	0.5673000216	0.5669000149	0.556400001
74	566.7	26.5	0.5588999987	0.5669999719	0.5428000093	0.5687999725	0.5734999776	0.570900023	0.4713999927	0.5067999959	0.4873000085	0.570900023	0.5598000288	0.5521000028	0.5497999787	0.538500011	0.5548999906	0.5802999735	0.5508999825	0.5640000105	0.4539999962	0.4666999876	0.4902000129	0.5630000234	0.5654000044	0.5559999943
75	574.5	26.6	0.5608999729	0.5670999885	0.5407999754	0.5684999824	0.5713999867	0.5719000101	0.4758000076	0.477699995	0.4742000103	0.5687999725	0.5604000092	0.550999999	0.5467000008	0.5403000116	0.5544999838	0.5782999992	0.5485000014	0.5622000098	0.4453999996	0.4742000103	0.4731999934	0.564899981	0.5654000044	0.5554999709
76	582.3	26.6	0.5597000122	0.5674999952	0.5406000018	0.5676000118	0.5734999776	0.570200026	0.4990000129	0.4936000109	0.481099993	0.5680999756	0.5590999722	0.5536000133	0.5461999774	0.5394999981	0.5541999936	0.5798000097	0.5504999757	0.5645999908	0.4740999937	0.4988000095	0.4959000051	0.5666999817	0.5669999719	0.556400001
77	590	26.7	0.5615000129	0.5680999756	0.5418999791	0.5667999983	0.5730999708	0.5706999898	0.467200011	0.4769000113	0.4771000147	0.565599978	0.5598000288	0.5533999801	0.5473999977	0.5411999822	0.5557000041	0.5796999931	0.5508000255	0.5644999743	0.4510999918	0.4796000123	0.4745999873	0.5651000142	0.5654000044	0.5558999777
78	597.8	26.6	0.5616000295	0.5673999786	0.543200016	0.5676000118	0.573300004	0.5698000193	0.4826000035	0.4742000103	0.4887000024	0.5672000051	0.5605999827	0.5491999984	0.5469999909	0.5412999988	0.5551999807	0.5788999796	0.549399972	0.5633000135	0.4620000124	0.4839000106	0.4848999977	0.5667999983	0.5633000135	0.554099977
79	605.6	26.6	0.560199976	0.5661000013	0.5410000086	0.5677999854	0.573300004	0.5708000064	0.47330001	0.4774000049	0.4806999862	0.5723999739	0.5633999705	0.5551000237	0.5491999984	0.5394999981	0.5551000237	0.5800999999	0.5508000255	0.5637999773	0.4555000067	0.4713000059	0.4632999897	0.5681999922	0.5681999922	0.5562999845
80	613.3	26.6	0.5604000092	0.567900002	0.543299973	0.5680000186	0.5744000077	0.5712000132	0.4765999913	0.4817000031	0.478399992	0.5677000284	0.5616000295	0.5501000285	0.5468999743	0.5404999852	0.5552999973	0.5799000263	0.5494999886	0.5634999871	0.4700999856	0.4774999917	0.4801999927	0.5661000013	0.5629000068	0.5526000261
81	621.1	26.6	0.5631999969	0.568599999	0.5440000296	0.5680000186	0.5737000108	0.5713000298	0.4885999858	0.4738999903	0.475300014	0.5681999922	0.5638999939	0.551699996	0.5468999743	0.5418000221	0.5557000041	0.5792000294	0.5501000285	0.5633999705	0.459800005	0.4839999974	0.4718999863	0.5670999885	0.5652999878	0.5554999709
82	628.8	26.5	0.5598000288	0.5676000118	0.5422000289	0.567900002	0.5738000274	0.5703999996	0.4833000004	0.4844999909	0.4893000126	0.5716999769	0.5625	0.5522000194	0.5475000143	0.5393999815	0.55400002	0.5795999765	0.5497999787	0.5644000173	0.4733999968	0.4943000078	0.4778999984	0.5658000112	0.5665000081	0.5558999777
83	636.6	26.6	0.5613999963	0.5670999885	0.5424000025	0.5683000088	0.5735999942	0.57099998	0.4934999943	0.4769000113	0.4792000055	0.5691999793	0.5634999871	0.5519000292	0.5465999842	0.5407999754	0.5550000072	0.5806999803	0.5505999923	0.5644999743	0.461499989	0.5095000267	0.4657000005	0.5667999983	0.5651000142	0.5572000146
84	644.4	26.5	0.5606999993	0.5666999817	0.5425999761	0.5684999824	0.5720999837	0.5703999996	0.4875000119	0.4850000143	0.4677000046	0.570900023	0.5604000092	0.5507000089	0.5461999774	0.5407000184	0.5543000102	0.5789999962	0.5508999825	0.5644000173	0.4453000128	0.4600000083	0.4819000065	0.5661000013	0.5643000007	0.5586000085
85	652.1	26.6	0.5612000227	0.5673000216	0.5428000093	0.5674999952	0.5727999806	0.5705999732	0.4830000103	0.4860000014	0.4763000011	0.5687999725	0.5612000227	0.5512999892	0.5472999811	0.5396000147	0.5562999845	0.5795000196	0.5515999794	0.5649999976	0.4632999897	0.4668000042	0.4819000065	0.5644999743	0.567900002	0.5534999967
86	659.9	26.7	0.5609999895	0.5684999824	0.5415999889	0.5677999854	0.5738999844	0.5713999867	0.4997000098	0.5	0.4934999943	0.57099998	0.5633999705	0.5568000078	0.5479999781	0.5396000147	0.5554000139	0.5813000202	0.5511000156	0.564899981	0.4790999889	0.5095000267	0.4950000048	0.5691000223	0.5691000223	0.5583000183
87	667.7	26.6	0.560100019	0.5687000155	0.5430999994	0.5677000284	0.5734000206	0.5705000162	0.4977000058	0.4894999862	0.4779999852	0.5755000114	0.5669999719	0.5569000244	0.5483999848	0.5418000221	0.5552999973	0.581099987	0.5511999726	0.5645999908	0.469900012	0.4708999991	0.4769000113	0.5726000071	0.5691000223	0.5612000227
88	675.4	26.7	0.5605000257	0.5667999983	0.5419999957	0.5673999786	0.5735999942	0.5720000267	0.4695000052	0.4850000143	0.480399996	0.5713000298	0.5647000074	0.5565000176	0.5451999903	0.5407999754	0.554700017	0.5795999765	0.550999999	0.5643000007	0.4738000035	0.4859000146	0.4806999862	0.5691999793	0.5674999952	0.5551000237
89	683.2	26.7	0.5609999895	0.5669999719	0.5418000221	0.5684999824	0.573300004	0.5719000101	0.5002999902	0.4932000041	0.4884000123	0.5698999763	0.5637000203	0.5554000139	0.5469999909	0.5406000018	0.5552999973	0.5806000233	0.551699996	0.5647000074	0.4790999889	0.4961000085	0.4984999895	0.5674999952	0.5677999854	0.5579000115
90	691	26.7	0.5609999895	0.5684000254	0.5425000191	0.5677999854	0.5745999813	0.5698000193	0.4749000072	0.4846000075	0.4557000101	0.5697000027	0.5637000203	0.5511999726	0.5467000008	0.5404000282	0.554700017	0.5802000165	0.550999999	0.5641000271	0.4771000147	0.4947000146	0.4864000082	0.5684000254	0.5666000247	0.5575000048
91	698.7	26.7	0.5608999729	0.567900002	0.5414999723	0.5676000118	0.5734999776	0.5713000298	0.46419999	0.4855999947	0.4783000052	0.5705000162	0.5637000203	0.5534999967	0.5471000075	0.5404000282	0.554700017	0.5785999894	0.5508000255	0.5638999939	0.4675000012	0.4762000144	0.4614000022	0.5647000074	0.5692999959	0.5582000017
92	706.5	26.7	0.5604000092	0.5676000118	0.5428000093	0.5681999922	0.574000001	0.570900023	0.4611999989	0.4765999913	0.4691999853	0.5703999996	0.5637000203	0.5522999763	0.5460000038	0.5396999717	0.5543000102	0.5795000196	0.5512999892	0.5651999712	0.4528000057	0.461800009	0.4738999903	0.5666999817	0.5666000247	0.559499979
93	714.2	26.6	0.5620999932	0.5680999756	0.5424000025	0.5692999959	0.574000001	0.5720999837	0.5022000074	0.4846999943	0.4769999981	0.570900023	0.5630000234	0.5548999906	0.5468000174	0.5397999883	0.5548999906	0.5806999803	0.5508000255	0.5658000112	0.4708000124	0.4787999988	0.4794999957	0.5688999891	0.567900002	0.559499979
94	722	26.7	0.559499979	0.5676000118	0.5414999723	0.5691999793	0.5735999942	0.5712000132	0.4683000147	0.4677999914	0.4659999907	0.5716000199	0.5651999712	0.5555999875	0.5465999842	0.5399000049	0.5550000072	0.5803999901	0.5512999892	0.5636000037	0.4481999874	0.4754999876	0.4614000022	0.5684000254	0.5695999861	0.5562999845
95	729.8	26.6	0.560100019	0.5673999786	0.5429999828	0.567900002	0.5738000274	0.5712000132	0.4815999866	0.4623000026	0.4941000044	0.5691000223	0.5625	0.5512999892	0.5471000075	0.5411000252	0.5551000237	0.5806000233	0.5511000156	0.5658000112	0.477699995	0.4882999957	0.4788999856	0.565500021	0.5659999847	0.5566999912
96	737.5	26.7	0.5595999956	0.5677999854	0.5436999798	0.5673000216	0.5741000175	0.5720000267	0.4541999996	0.4873000085	0.4835000038	0.5701000094	0.5640000105	0.5532000065	0.5472999811	0.5400999784	0.5541999936	0.5805000067	0.5511000156	0.5636000037	0.4745000005	0.4925999939	0.4684999883	0.5687000155	0.5694000125	0.5576999784
97	745.3	26.7	0.5593000054	0.5674999952	0.5418000221	0.5669000149	0.5741000175	0.5713000298	0.4769000113	0.4702000022	0.4699999988	0.570200026	0.5645999908	0.5533999801	0.5457000136	0.5400999784	0.5536999702	0.5809000134	0.5505999923	0.5643000007	0.461499989	0.4677999914	0.4498000145	0.567900002	0.565599978	0.5593000054
98	753.1	26.7	0.5606999993	0.5695000291	0.5435000062	0.5688999891	0.5742999911	0.5716000199	0.4862000048	0.5059999824	0.4864000082	0.5673000216	0.5604000092	0.551699996	0.5478000045	0.5414000154	0.5566999912	0.5812000036	0.550999999	0.564800024	0.4794000089	0.4754999876	0.4792000055	0.564899981	0.5633999705	0.5551000237
99	760.8	26.7	0.5605999827	0.5692999959	0.5436000228	0.5680999756	0.5745000243	0.5706999898	0.470299989	0.4715000093	0.4636999965	0.5651000142	0.5625	0.5505999923	0.5483000278	0.5414999723	0.556400001	0.5798000097	0.5511000156	0.5654000044	0.4661000073	0.4724000096	0.4930000007	0.5630999804	0.5652999878	0.5561000109
100	768.6	26.7	0.5605999827	0.5676000118	0.5411999822	0.5692999959	0.574000001	0.5734999776	0.4767000079	0.4738999903	0.4575999975	0.5698000193	0.5640000105	0.5559999943	0.5467000008	0.5396000147	0.5554999709	0.5824000239	0.5534999967	0.5659999847	0.47299999	0.4537999928	0.4480000138	0.57099998	0.5713000298	0.5598999858
101	776.3	26.7	0.5622000098	0.5680999756	0.5425999761	0.5692999959	0.5745999813	0.5716999769	0.4794999957	0.4925000072	0.4893999994	0.570200026	0.5658000112	0.5550000072	0.5480999947	0.5404000282	0.5569999814	0.581799984	0.5514000058	0.5652999878	0.4866999984	0.4882000089	0.483799994	0.5699999928	0.5692999959	0.557099998
102	784.1	26.6	0.560199976	0.5673999786	0.5421000123	0.5692999959	0.574000001	0.5717999935	0.4711999893	0.4788999856	0.4675000012	0.5741000175	0.565599978	0.5558000207	0.5454999804	0.5392000079	0.5543000102	0.5802000165	0.5514000058	0.5649999976	0.458799988	0.4744000137	0.4713000059	0.5676000118	0.5695999861	0.5609999895
103	791.9	26.9	0.560199976	0.5680999756	0.5422999859	0.5690000057	0.5751000047	0.5716999769	0.4817000031	0.4765000045	0.4711999893	0.5705000162	0.564800024	0.5536000133	0.5472000241	0.5404999852	0.5558000207	0.5809000134	0.551699996	0.5651000142	0.47330001	0.4801999927	0.4796999991	0.5673000216	0.5669999719	0.5569999814
104	799.6	26.7	0.5600000024	0.5677000284	0.5426999927	0.568599999	0.5745000243	0.5713000298	0.4731999934	0.5123000145	0.497299999	0.5706999898	0.5649999976	0.5533999801	0.5475999713	0.540199995	0.5552999973	0.5805000067	0.5511000156	0.5638999939	0.4855999947	0.4736999869	0.4790999889	0.5667999983	0.5672000051	0.5572999716
105	807.4	26.9	0.5612999797	0.5684000254	0.5443000197	0.5673999786	0.5738000274	0.570299983	0.4709999859	0.4629000127	0.467200011	0.5669999719	0.5641000271	0.5505999923	0.548699975	0.540899992	0.5568000078	0.5799000263	0.5497999787	0.5636000037	0.4494999945	0.4700999856	0.4695000052	0.5643000007	0.5641999841	0.5546000004
106	815.2	26.7	0.5608999729	0.5677000284	0.5418000221	0.5674999952	0.5746999979	0.5713999867	0.4884000123	0.4927999973	0.4911000133	0.5688999891	0.5637000203	0.5541999936	0.5475000143	0.5400999784	0.5551000237	0.5805000067	0.5518000126	0.5654000044	0.4873999953	0.4959999919	0.4826000035	0.5659000278	0.5673000216	0.5583000183
107	822.9	26.7	0.5604000092	0.567900002	0.5425000191	0.5673999786	0.5731999874	0.5703999996	0.4681999981	0.4528999925	0.4654999971	0.5684999824	0.5619000196	0.551699996	0.5483000278	0.540899992	0.5568000078	0.5806000233	0.5515000224	0.5641999841	0.4661000073	0.4693000019	0.4607999921	0.5626999736	0.564800024	0.5530999899
108	830.7	26.8	0.5598999858	0.5680999756	0.5425999761	0.5687999725	0.5737000108	0.5722000003	0.4810000062	0.5005000234	0.4808000028	0.57099998	0.5623999834	0.5536000133	0.5469999909	0.5404000282	0.5554000139	0.5813000202	0.5523999929	0.5647000074	0.4679999948	0.4697999954	0.4955999851	0.5674999952	0.5663999915	0.5582000017
109	838.5	26.7	0.5618000031	0.568599999	0.5435000062	0.5691999793	0.5741000175	0.5712000132	0.4627999961	0.4817999899	0.4742999971	0.5724999905	0.5645999908	0.5512999892	0.5460000038	0.5400000215	0.5562000275	0.5802999735	0.5532000065	0.5654000044	0.4627999961	0.4708999991	0.4765999913	0.568599999	0.570200026	0.5590999722
110	846.2	26.7	0.5613999963	0.5673000216	0.543299973	0.5687000155	0.5727000237	0.5716000199	0.4900999963	0.4848000109	0.4925000072	0.5706999898	0.5629000068	0.5514000058	0.5471000075	0.5394999981	0.5550000072	0.5807999969	0.5521000028	0.5644000173	0.4751000106	0.5029000044	0.4930000007	0.5666999817	0.5666999817	0.5580000281
111	854	26.9	0.5600000024	0.5684000254	0.5412999988	0.5680999756	0.5748999715	0.5713999867	0.4512999952	0.4866000116	0.4745999873	0.5698000193	0.5643000007	0.5544999838	0.5468999743	0.5411999822	0.5562999845	0.5806000233	0.5529000163	0.5654000044	0.4632000029	0.4921999872	0.459800005	0.5677000284	0.564899981	0.5572999716
112	861.8	26.7	0.5587000251	0.5680000186	0.5425000191	0.5684999824	0.5737000108	0.570299983	0.4905999899	0.4833000004	0.4817000031	0.5723999739	0.5654000044	0.5541999936	0.5478000045	0.5414000154	0.5562999845	0.5802999735	0.5518000126	0.5641999841	0.4742000103	0.4977000058	0.4934000075	0.5680000186	0.567900002	0.5582000017
113	869.5	26.7	0.560199976	0.5681999922	0.5425999761	0.5683000088	0.5748999715	0.5716000199	0.4880000055	0.4947000146	0.4887000024	0.5723000169	0.5662999749	0.5544000268	0.5469999909	0.5403000116	0.554799974	0.5820999742	0.5523999929	0.565500021	0.477699995	0.478399992	0.4799999893	0.5691000223	0.5673000216	0.560199976
114	877.3	26.7	0.5590000153	0.5683000088	0.5421000123	0.568599999	0.5745000243	0.5720999837	0.4970999956	0.4747999907	0.4995000064	0.5724999905	0.5640000105	0.5559999943	0.5478000045	0.5400000215	0.5554000139	0.5809000134	0.5532000065	0.5652999878	0.472299993	0.4824000001	0.4923999906	0.5667999983	0.5673999786	0.5568000078
115	885	26.7	0.5616999865	0.5692999959	0.5429999828	0.5688999891	0.574000001	0.5716999769	0.5038999915	0.4740000069	0.4657000005	0.5691000223	0.5627999902	0.5526000261	0.5483000278	0.5418999791	0.557099998	0.581099987	0.5522999763	0.5656999946	0.4702000022	0.4821000099	0.4873999953	0.5651999712	0.5637999773	0.5558999777
116	892.8	26.8	0.5598000288	0.5663999915	0.5415999889	0.5688999891	0.5741999745	0.5712000132	0.4923000038	0.4964999855	0.4912	0.5724999905	0.5676000118	0.554099977	0.5453000069	0.5400000215	0.5558000207	0.5805000067	0.5526999831	0.5652999878	0.4839000106	0.4941000044	0.489199996	0.5695999861	0.567900002	0.5572999716
117	900.6	26.8	0.5616999865	0.5697000027	0.5430999994	0.5684000254	0.5745000243	0.5705000162	0.4815999866	0.4975999892	0.4936000109	0.5684999824	0.5611000061	0.5511999726	0.5473999977	0.5407000184	0.5554000139	0.5799999833	0.5515000224	0.5654000044	0.4837000072	0.4751999974	0.4914999902	0.5666000247	0.5647000074	0.5583000183
118	908.3	26.7	0.5623000264	0.5691000223	0.5433999896	0.567900002	0.574000001	0.5713999867	0.483799994	0.4744000137	0.4711000025	0.5677999854	0.5622000098	0.5511000156	0.5483999848	0.540899992	0.5562999845	0.5807999969	0.5515000224	0.5649999976	0.4670000076	0.4713000059	0.47330001	0.5659000278	0.5649999976	0.5536999702
119	916.1	26.9	0.5608000159	0.5676000118	0.5411999822	0.5673000216	0.5741000175	0.5699999928	0.4758999944	0.4799999893	0.4772999883	0.5680999756	0.5641000271	0.5534999967	0.5465999842	0.5390999913	0.5539000034	0.5802000165	0.5508000255	0.5654000044	0.4726999998	0.4790000021	0.4718999863	0.5659999847	0.565599978	0.559499979
120	923.9	26.7	0.5615000129	0.5694000125	0.5425000191	0.5695000291	0.5751000047	0.5716000199	0.480399996	0.4787999988	0.4661000073	0.5716999769	0.5630999804	0.5544000268	0.5475000143	0.5399000049	0.5551999807	0.5807999969	0.5525000095	0.5667999983	0.475699991	0.4885999858	0.4823000133	0.5680000186	0.5669999719	0.560100019
121	931.6	26.9	0.5620999932	0.5697000027	0.543200016	0.5698000193	0.5745999813	0.5730999708	0.4950999916	0.4927999973	0.4735000134	0.5710999966	0.5623999834	0.554799974	0.5464000106	0.5404000282	0.5565000176	0.5820999742	0.5526000261	0.5652999878	0.4668000042	0.4745000005	0.4736999869	0.5677000284	0.565599978	0.554799974
122	939.4	26.9	0.5605000257	0.5688999891	0.5419999957	0.5674999952	0.5742999911	0.5712000132	0.4923999906	0.4934000075	0.4889999926	0.5694000125	0.5630000234	0.5544999838	0.5465000272	0.5400000215	0.5557000041	0.5813999772	0.5530999899	0.5659999847	0.4693000019	0.4903999865	0.4700999856	0.5666000247	0.570200026	0.5583999753
123	947.1	27	0.5626000166	0.5694000125	0.5428000093	0.5684999824	0.5730999708	0.5701000094	0.478399992	0.4991999865	0.4943000078	0.5706999898	0.5633000135	0.5533999801	0.5472000241	0.5400000215	0.5558999777	0.5809999704	0.5511999726	0.564899981	0.4771000147	0.4763999879	0.4837000072	0.5692999959	0.5677000284	0.5597000122
124	954.9	26.9	0.5630999804	0.5691000223	0.5422000289	0.5659000278	0.5715000033	0.5687999725	0.4889000058	0.4823000133	0.4828000069	0.5651000142	0.5598999858	0.5507000089	0.5475000143	0.5414999723	0.5562999845	0.5780000091	0.5507000089	0.5626999736	0.4609000087	0.4905000031	0.4812000096	0.5641999841	0.5623000264	0.5532000065
125	962.7	26.9	0.5615000129	0.5698999763	0.5429999828	0.5681999922	0.5752999783	0.570299983	0.484100014	0.4950000048	0.4661000073	0.5706999898	0.5662999749	0.5533999801	0.5475999713	0.5414000154	0.556400001	0.5800999999	0.5523999929	0.5659999847	0.4550000131	0.483799994	0.4672999978	0.5659000278	0.5683000088	0.5605000257
126	970.4	26.9	0.5598999858	0.5684000254	0.5410000086	0.5677000284	0.5744000077	0.5719000101	0.4774999917	0.4875999987	0.4787999988	0.568599999	0.5649999976	0.5561000109	0.5454000235	0.5392000079	0.5544000268	0.5805000067	0.5519999862	0.5651999712	0.472299993	0.4717000127	0.4814999998	0.5688999891	0.5680000186	0.5579000115
127	978.2	26.9	0.5609999895	0.5687000155	0.5435000062	0.5680999756	0.5738999844	0.5710999966	0.4691999853	0.4659999907	0.4887999892	0.5680999756	0.5633000135	0.5508000255	0.5461000204	0.5400999784	0.5554000139	0.5813999772	0.5518000126	0.5654000044	0.4853999913	0.456400007	0.4988000095	0.5699999928	0.5656999946	0.5575000048
128	985.9	26.9	0.5611000061	0.568599999	0.5426999927	0.5694000125	0.5748999715	0.5720999837	0.4893999994	0.4684000015	0.4911000133	0.573300004	0.5661000013	0.5539000034	0.5469999909	0.5393999815	0.5554000139	0.581799984	0.5539000034	0.5666000247	0.4684000015	0.47299999	0.480399996	0.5701000094	0.5712000132	0.5613999963
129	993.7	26.9	0.5609999895	0.5687000155	0.5414999723	0.5690000057	0.5751000047	0.5723999739	0.4945000112	0.503099978	0.5024999976	0.5728999972	0.5677000284	0.5575000048	0.5467000008	0.5389999747	0.5552999973	0.5806000233	0.5525000095	0.565599978	0.4654000103	0.483799994	0.4930000007	0.5691999793	0.5701000094	0.5604000092
130	1001.5	26.9	0.5622000098	0.568599999	0.5430999994	0.5681999922	0.5737000108	0.5720999837	0.4695000052	0.4657000005	0.4654000103	0.5695000291	0.5637000203	0.55400002	0.5478000045	0.5417000055	0.5555999875	0.5809999704	0.5525000095	0.5658000112	0.4618999958	0.4720999897	0.4648000002	0.5666000247	0.5645999908	0.5586000085
131	1009.3	27	0.5598999858	0.5677999854	0.5426999927	0.5673000216	0.574000001	0.57099998	0.4790000021	0.4810000062	0.4810000062	0.5698999763	0.5647000074	0.5537999868	0.5454999804	0.5407000184	0.5539000034	0.5816000104	0.5515000224	0.565599978	0.4657000005	0.4968000054	0.4844000041	0.5695000291	0.5643000007	0.560100019
132	1017	26.9	0.5590999722	0.5680999756	0.5422000289	0.5680999756	0.5751000047	0.57099998	0.491899997	0.4837000072	0.4844999909	0.5727999806	0.5683000088	0.55400002	0.5458999872	0.5394999981	0.5544000268	0.581700027	0.5529000163	0.5667999983	0.4657000005	0.4839000106	0.4772999883	0.5724999905	0.5695000291	0.5637000203
133	1024.8	27	0.5609999895	0.5699999928	0.5447000265	0.5699999928	0.5738999844	0.570900023	0.472600013	0.461800009	0.4603999853	0.5677000284	0.5612999797	0.5478000045	0.5472000241	0.5429999828	0.5572999716	0.5813000202	0.5525000095	0.5651999712	0.4623000026	0.4765999913	0.4839999974	0.564800024	0.5634999871	0.5552999973
134	1032.6	27	0.560100019	0.5677999854	0.5421000123	0.568599999	0.5734999776	0.5705999732	0.475300014	0.474999994	0.4812999964	0.5687000155	0.5640000105	0.5529000163	0.5460000038	0.5393999815	0.5543000102	0.5806000233	0.5518000126	0.5651000142	0.4756000042	0.4810000062	0.4756000042	0.5669999719	0.5656999946	0.5572000146
135	1040.3	27	0.5600000024	0.5691000223	0.5411000252	0.567900002	0.5745000243	0.5713000298	0.4952000082	0.4885999858	0.4720999897	0.5698999763	0.5634999871	0.5529999733	0.5437999964	0.5400999784	0.5546000004	0.5814999938	0.5519999862	0.5645999908	0.466899991	0.4776000082	0.4805999994	0.5674999952	0.5651999712	0.5566999912
136	1048.1	26.9	0.5613999963	0.568599999	0.5433999896	0.5684000254	0.5745000243	0.5716999769	0.4769999981	0.503000021	0.4772000015	0.57099998	0.5640000105	0.5539000034	0.5479999781	0.5414000154	0.5552999973	0.5813999772	0.5526000261	0.565599978	0.4661000073	0.4959000051	0.4794000089	0.5672000051	0.5659000278	0.5590999722
137	1055.8	26.9	0.5618000031	0.5691000223	0.5418000221	0.5673999786	0.5734000206	0.570900023	0.4934999943	0.4740999937	0.4697999954	0.568599999	0.5606999993	0.5529999733	0.5468999743	0.5406000018	0.5546000004	0.5806000233	0.5515999794	0.5652999878	0.4623000026	0.486499995	0.4751000106	0.5665000081	0.5638999939	0.5580000281
138	1063.6	27	0.5611000061	0.5706999898	0.543299973	0.5694000125	0.5741000175	0.5723000169	0.4756000042	0.4936999977	0.4823000133	0.5724999905	0.5606999993	0.5550000072	0.5461000204	0.540899992	0.5559999943	0.5831000209	0.5515000224	0.5662999749	0.4756000042	0.4873000085	0.4966000021	0.5726000071	0.5661000013	0.560199976
139	1071.4	26.9	0.5590999722	0.5665000081	0.540199995	0.5691999793	0.575600028	0.5726000071	0.4666999876	0.4731999934	0.4772000015	0.5728999972	0.5698000193	0.556400001	0.5450000167	0.5383999944	0.554099977	0.5827000141	0.5527999997	0.5656999946	0.4724000096	0.4745000005	0.4744000137	0.5720000267	0.5708000064	0.5611000061
140	1079.1	27	0.560100019	0.5690000057	0.5419999957	0.568599999	0.5741000175	0.5716999769	0.4932000041	0.4842000008	0.4704000056	0.5684999824	0.5626000166	0.5523999929	0.5467000008	0.5403000116	0.5550000072	0.5805000067	0.5519999862	0.5654000044	0.4537999928	0.4810000062	0.4738000035	0.5652999878	0.5622000098	0.557099998
141	1086.9	27	0.5609999895	0.5698999763	0.5436000228	0.567900002	0.5752000213	0.5719000101	0.4880000055	0.4952999949	0.4981999993	0.568599999	0.5641999841	0.5534999967	0.5476999879	0.5414999723	0.5562000275	0.5812000036	0.5522000194	0.5654000044	0.4873000085	0.4970000088	0.4720000029	0.5652999878	0.5651999712	0.5569000244
142	1094.7	27	0.5613999963	0.5687999725	0.5426999927	0.567900002	0.5745999813	0.5722000003	0.4894999862	0.4894999862	0.4715999961	0.5694000125	0.5625	0.5532000065	0.5475999713	0.5407999754	0.5551999807	0.5820000172	0.5532000065	0.5659999847	0.4697999954	0.4828999937	0.4656000137	0.5673999786	0.5652999878	0.5598999858
143	1102.4	27.1	0.5608000159	0.5705000162	0.5425999761	0.5691000223	0.5752999783	0.5723999739	0.4760999978	0.4905000031	0.4772999883	0.5687999725	0.5613999963	0.5508000255	0.5472999811	0.5426999927	0.5565999746	0.5809000134	0.5521000028	0.5647000074	0.4564999938	0.4853000045	0.4880000055	0.5659000278	0.5612000227	0.5539000034
144	1110.2	27	0.5606999993	0.5687999725	0.5437999964	0.5684000254	0.5749999881	0.5716999769	0.4771000147	0.4828000069	0.4817000031	0.5677000284	0.5649999976	0.5475999713	0.5476999879	0.5410000086	0.5548999906	0.5816000104	0.5526999831	0.5659000278	0.453700006	0.4733999968	0.4817000031	0.5666000247	0.5666999817	0.5579000115
145	1117.9	27	0.5604000092	0.5691000223	0.5421000123	0.5688999891	0.5759999752	0.5713000298	0.4954000115	0.4988000095	0.4957000017	0.5726000071	0.565599978	0.5536999702	0.5471000075	0.5392000079	0.5555999875	0.5821999907	0.5527999997	0.5658000112	0.4740000069	0.4948999882	0.4792000055	0.5673000216	0.5687999725	0.5576000214
146	1125.7	27	0.5604000092	0.5690000057	0.5426999927	0.5691999793	0.5753999949	0.5705999732	0.4893000126	0.4954000115	0.4578999877	0.5730999708	0.5667999983	0.5533000231	0.5476999879	0.5397999883	0.5554000139	0.581799984	0.5536000133	0.5663999915	0.4623999894	0.47330001	0.4708999991	0.5676000118	0.5687000155	0.5606999993
147	1133.5	27	0.5602999926	0.5672000051	0.5418999791	0.5687999725	0.5742999911	0.5703999996	0.4966000021	0.4799000025	0.4794999957	0.5723999739	0.5663999915	0.5522000194	0.5450999737	0.5397999883	0.5550000072	0.5820999742	0.5532000065	0.5652999878	0.4523999989	0.477699995	0.478399992	0.5706999898	0.5687000155	0.5565999746
148	1141.2	26.9	0.5605999827	0.568599999	0.5429999828	0.5687999725	0.5742999911	0.5719000101	0.4709999859	0.4675000012	0.475699991	0.5705000162	0.5644000173	0.5515000224	0.5454999804	0.5399000049	0.556400001	0.5813000202	0.5523999929	0.5663999915	0.4650999904	0.4803000093	0.4742999971	0.5683000088	0.5666000247	0.5551999807
149	1149	27	0.5600000024	0.5680999756	0.5422999859	0.5690000057	0.5745000243	0.5727000237	0.4632999897	0.4774999917	0.4634999931	0.5703999996	0.5637999773	0.5551999807	0.5465999842	0.5393000245	0.5558999777	0.5816000104	0.5529000163	0.5665000081	0.4469999969	0.4706999958	0.4736000001	0.5669999719	0.5666000247	0.5562999845
150	1156.8	27.1	0.5605000257	0.5691999793	0.5433999896	0.5684000254	0.5755000114	0.5719000101	0.483099997	0.4783000052	0.4806999862	0.5708000064	0.5659000278	0.5526000261	0.5480999947	0.5407999754	0.5562000275	0.5828999877	0.5533000231	0.5661000013	0.4654000103	0.4659999907	0.4776000082	0.5683000088	0.5676000118	0.5572999716
151	1164.5	27.1	0.5605999827	0.5701000094	0.5418999791	0.5690000057	0.5745000243	0.57099998	0.4932000041	0.4871999919	0.4709999859	0.5730000138	0.5626999736	0.5544000268	0.5461999774	0.5407000184	0.5559999943	0.5819000006	0.5537999868	0.5667999983	0.4702000022	0.4855000079	0.5067999959	0.5701000094	0.5697000027	0.559499979
152	1172.3	27	0.5620999932	0.5701000094	0.5422000289	0.5680999756	0.5749999881	0.5708000064	0.4754000008	0.4846000075	0.4801999927	0.570900023	0.5651000142	0.5537999868	0.5469999909	0.5414999723	0.5559999943	0.5807999969	0.5526999831	0.5652999878	0.4665000141	0.4796000123	0.4695000052	0.5673000216	0.5652999878	0.5584999919
153	1180.1	27	0.5612999797	0.5694000125	0.5415999889	0.5692999959	0.5760999918	0.5727999806	0.4938000143	0.483799994	0.4964999855	0.5703999996	0.5669000149	0.5555999875	0.5461999774	0.5403000116	0.554700017	0.5819000006	0.5522999763	0.565599978	0.4778999984	0.5013999939	0.4855999947	0.570200026	0.5659000278	0.5605000257
154	1187.8	27.1	0.5616999865	0.5695999861	0.5428000093	0.5690000057	0.5742999911	0.5719000101	0.4817000031	0.4632999897	0.4681000113	0.5706999898	0.5645999908	0.5529000163	0.5482000113	0.5410000086	0.5554000139	0.581700027	0.5534999967	0.5649999976	0.4634000063	0.472299993	0.4630999863	0.5666999817	0.5673999786	0.5580000281
155	1195.6	27	0.5612000227	0.5695000291	0.543200016	0.5677999854	0.5752999783	0.570900023	0.5252000093	0.5260999799	0.5171999931	0.5669000149	0.5644000173	0.5515000224	0.5473999977	0.5412999988	0.5551999807	0.5816000104	0.551699996	0.565599978	0.4871000051	0.5098999739	0.5004000068	0.5669999719	0.5623999834	0.5573999882
156	1203.4	27	0.5612999797	0.5690000057	0.5418999791	0.567900002	0.574000001	0.5715000033	0.4805000126	0.4781000018	0.4905999899	0.5662000179	0.5619999766	0.5532000065	0.5450000167	0.5403000116	0.5544999838	0.581700027	0.5536000133	0.5662999749	0.4541000128	0.4769999981	0.4745999873	0.5683000088	0.5662000179	0.5577999949
157	1211.1	27	0.5612000227	0.5684000254	0.5422000289	0.5672000051	0.574000001	0.5697000027	0.4751000106	0.4799000025	0.4835999906	0.5684000254	0.5649999976	0.5511999726	0.5464000106	0.5406000018	0.5559999943	0.5816000104	0.5515000224	0.5652999878	0.4659000039	0.4792999923	0.4675000012	0.5697000027	0.5659999847	0.5579000115
158	1218.9	27.1	0.5604000092	0.5698000193	0.5419999957	0.5681999922	0.5752999783	0.5713000298	0.4855999947	0.4875999987	0.4889000058	0.570200026	0.5637999773	0.554799974	0.5447000265	0.5389999747	0.5541999936	0.5820000172	0.5529999733	0.5661000013	0.4596999884	0.4709999859	0.4661999941	0.5713000298	0.5690000057	0.5576000214
159	1226.6	27	0.5606999993	0.5692999959	0.5414000154	0.5695000291	0.5752999783	0.5713000298	0.4623999894	0.4871999919	0.47299999	0.5712000132	0.564899981	0.554099977	0.5475999713	0.5406000018	0.554799974	0.5812000036	0.5536999702	0.5659999847	0.4456999898	0.4853000045	0.4717999995	0.5676000118	0.5691000223	0.5587999821
160	1234.4	27.1	0.5612999797	0.5687000155	0.5426999927	0.5677999854	0.5764999986	0.5716999769	0.4762000144	0.5001999736	0.4866999984	0.5697000027	0.5669999719	0.5541999936	0.5490999818	0.5407000184	0.5565000176	0.5821999907	0.5525000095	0.5673000216	0.4806999862	0.4961000085	0.4691999853	0.5669000149	0.5672000051	0.5590000153
161	1242.2	27.1	0.5600000024	0.5690000057	0.5425999761	0.5697000027	0.5762000084	0.5713000298	0.4636000097	0.4638999999	0.4709999859	0.5752999783	0.5680999756	0.5555999875	0.5472000241	0.5400999784	0.5559999943	0.581700027	0.554099977	0.5667999983	0.4575999975	0.4745000005	0.4704999924	0.5715000033	0.5723000169	0.5612999797
162	1249.9	27	0.5605000257	0.5690000057	0.5411999822	0.5683000088	0.574000001	0.570299983	0.4729000032	0.4875999987	0.4742999971	0.570200026	0.5651999712	0.5536000133	0.5476999879	0.5411999822	0.5555999875	0.5814999938	0.5532000065	0.5663999915	0.4548000097	0.5073000193	0.5052000284	0.5672000051	0.5662000179	0.5586000085
163	1257.7	27.1	0.5612000227	0.5688999891	0.5422999859	0.5677999854	0.5758000016	0.5703999996	0.4774000049	0.4690999985	0.4817999899	0.5698000193	0.5688999891	0.5522999763	0.5478000045	0.5397999883	0.5557000041	0.581099987	0.5532000065	0.5662999749	0.465200007	0.4724000096	0.483799994	0.5690000057	0.5680999756	0.5591999888
164	1265.5	27	0.5605999827	0.5673000216	0.5421000123	0.5695999861	0.575699985	0.5722000003	0.4763000011	0.4930000007	0.4862999916	0.5726000071	0.5684999824	0.5554999709	0.5467000008	0.5393999815	0.554099977	0.5824000239	0.5536000133	0.5663999915	0.4727999866	0.4783000052	0.469900012	0.5708000064	0.5699999928	0.5593000054
165	1273.2	27	0.5612000227	0.570200026	0.5440000296	0.5680000186	0.5759999752	0.5710999966	0.5040000081	0.5031999946	0.4788999856	0.5697000027	0.5645999908	0.5508000255	0.5487999916	0.5429000258	0.5565999746	0.581700027	0.5530999899	0.5656999946	0.4808000028	0.4936999977	0.4690000117	0.5659999847	0.5649999976	0.5559999943
166	1281	27	0.5616999865	0.5690000057	0.5426999927	0.5673000216	0.575699985	0.5710999966	0.4835999906	0.4963999987	0.4909000099	0.5673000216	0.5649999976	0.5527999997	0.5496000051	0.540199995	0.5561000109	0.581799984	0.5521000028	0.5654000044	0.4738999903	0.4844999909	0.4934000075	0.5656999946	0.5656999946	0.5572999716
167	1288.8	27.1	0.5619999766	0.5705000162	0.5428000093	0.5684000254	0.5745999813	0.5713999867	0.4749000072	0.4833999872	0.46450001	0.567900002	0.5623000264	0.5515000224	0.5482000113	0.5400999784	0.5557000041	0.5821999907	0.5526000261	0.5667999983	0.4532999992	0.4650000036	0.4636000097	0.5681999922	0.5662999749	0.5577999949
168	1296.5	27.1	0.5593000054	0.570200026	0.5417000055	0.5687999725	0.5758000016	0.570900023	0.4679999948	0.4778000116	0.4754999876	0.5723999739	0.5647000074	0.5533000231	0.5472999811	0.5389999747	0.5554000139	0.5816000104	0.5533999801	0.5662000179	0.4663999975	0.4855000079	0.4796999991	0.5697000027	0.5688999891	0.556400001
169	1304.3	27	0.5600000024	0.5691999793	0.5425999761	0.5691999793	0.5752999783	0.5713000298	0.4792000055	0.4776000082	0.4758000076	0.5703999996	0.565599978	0.5511999726	0.5491999984	0.5407999754	0.5555999875	0.5807999969	0.5537999868	0.5666999817	0.4668000042	0.46450001	0.4778000116	0.5659000278	0.5665000081	0.5572000146
170	1312	27	0.5627999902	0.5712000132	0.5443000197	0.5681999922	0.5760999918	0.5706999898	0.474999994	0.4785999954	0.4717000127	0.568599999	0.5641000271	0.5508000255	0.5496000051	0.5428000093	0.5565999746	0.5814999938	0.5530999899	0.5673999786	0.4636999965	0.467900008	0.4668000042	0.5687000155	0.5656999946	0.5561000109
171	1319.8	27.1	0.5605999827	0.5692999959	0.5418000221	0.5695999861	0.5759999752	0.5723000169	0.503000021	0.5098999739	0.4923999906	0.5737000108	0.5691000223	0.557099998	0.5476999879	0.5397999883	0.5552999973	0.5830000043	0.554700017	0.568599999	0.4681999981	0.5058000088	0.4839000106	0.5724999905	0.570900023	0.5644999743
172	1327.6	27.1	0.5615000129	0.570299983	0.5435000062	0.5680999756	0.5752000213	0.5720999837	0.4740000069	0.4781999886	0.4812999964	0.5697000027	0.5651999712	0.5539000034	0.5504000187	0.5410000086	0.5569999814	0.5821999907	0.5534999967	0.5669000149	0.4681000113	0.462500006	0.4736999869	0.5692999959	0.5670999885	0.5580000281
173	1335.3	27.1	0.5616999865	0.570299983	0.543200016	0.5684999824	0.5738000274	0.5708000064	0.4898000062	0.4898999929	0.4893000126	0.5697000027	0.5616000295	0.5519999862	0.5504000187	0.5414000154	0.5573999882	0.5823000073	0.5526999831	0.5677000284	0.475699991	0.4916000068	0.4961000085	0.5667999983	0.5662999749	0.560100019
174	1343.1	27.1	0.5605999827	0.5694000125	0.5419999957	0.5677999854	0.5745999813	0.57099998	0.4862999916	0.4889999926	0.4814999998	0.5716999769	0.5669000149	0.5566999912	0.5483999848	0.5404999852	0.5558000207	0.5812000036	0.5526000261	0.5666000247	0.4794999957	0.4767000079	0.4769999981	0.5717999935	0.5687000155	0.5613999963
175	1350.8	27.1	0.5613999963	0.5692999959	0.543900013	0.5680999756	0.5751000047	0.5706999898	0.4790000021	0.4767999947	0.462199986	0.5691999793	0.5644999743	0.5515000224	0.550999999	0.5404000282	0.5572999716	0.5809000134	0.5521000028	0.5662000179	0.4595000148	0.4609999955	0.4666999876	0.564899981	0.5673999786	0.5565999746
176	1358.6	27.1	0.5602999926	0.5692999959	0.5429000258	0.5690000057	0.5753999949	0.5713000298	0.470299989	0.4880000055	0.4715000093	0.5730000138	0.5647000074	0.5534999967	0.5508000255	0.5403000116	0.5569000244	0.581799984	0.5537999868	0.5672000051	0.4661000073	0.4785000086	0.4867999852	0.5658000112	0.568599999	0.5565999746
177	1366.4	27	0.5638999939	0.5723000169	0.5440000296	0.5692999959	0.5755000114	0.5712000132	0.4966000021	0.5085999966	0.485799998	0.5673000216	0.5629000068	0.5508000255	0.5521000028	0.5411999822	0.5584999919	0.5813999772	0.5543000102	0.5672000051	0.4740000069	0.4769999981	0.4936000109	0.5652999878	0.5674999952	0.5569999814
178	1374.2	27.1	0.5613999963	0.5698999763	0.5425000191	0.568599999	0.5759999752	0.570900023	0.4681999981	0.4972000122	0.4921999872	0.5708000064	0.5658000112	0.5529999733	0.5504999757	0.540199995	0.5575000048	0.581799984	0.5527999997	0.5663999915	0.4878000021	0.4993999898	0.4805999994	0.5691000223	0.5695999861	0.5590999722
179	1381.9	27.3	0.5619999766	0.5699999928	0.5418000221	0.5697000027	0.5745000243	0.5719000101	0.4794999957	0.4909000099	0.4749000072	0.5737000108	0.565500021	0.5565000176	0.5511000156	0.5414000154	0.5566999912	0.5824000239	0.5541999936	0.5681999922	0.4654000103	0.4918000102	0.475699991	0.5698999763	0.5691000223	0.5606999993
180	1389.7	27.1	0.5618000031	0.5697000027	0.5421000123	0.5681999922	0.5745999813	0.570299983	0.4855000079	0.5051000118	0.4799000025	0.5688999891	0.5645999908	0.5511000156	0.5497999787	0.5400000215	0.5569999814	0.5816000104	0.5543000102	0.5659999847	0.4582000077	0.4905999899	0.478399992	0.5676000118	0.5649999976	0.5557000041
181	1397.4	27.1	0.5613999963	0.5705000162	0.5425000191	0.5683000088	0.5764999986	0.5723000169	0.4853999913	0.4677000046	0.4747999907	0.5698999763	0.5659000278	0.5557000041	0.5519000292	0.5411000252	0.5565999746	0.5813999772	0.5536999702	0.5674999952	0.461800009	0.4751000106	0.4582000077	0.5662999749	0.5666999817	0.5587999821
182	1405.2	27.3	0.5619000196	0.5706999898	0.5429000258	0.5697000027	0.576300025	0.5719000101	0.4837000072	0.4853999913	0.4803000093	0.5724999905	0.5645999908	0.5526999831	0.5519999862	0.5406000018	0.5580999851	0.581799984	0.5523999929	0.5672000051	0.4715000093	0.4738000035	0.489199996	0.5659999847	0.5659000278	0.5557000041
183	1413	27.1	0.5623000264	0.5716000199	0.543900013	0.5677000284	0.576399982	0.5720000267	0.4929000139	0.5059000254	0.4857000113	0.5691999793	0.5665000081	0.5527999997	0.5533999801	0.5418000221	0.5584999919	0.5825999975	0.5541999936	0.5669999719	0.4918000102	0.5175999999	0.4959999919	0.5681999922	0.5690000057	0.5579000115
184	1420.7	27.1	0.5608000159	0.5710999966	0.543299973	0.5695999861	0.5759999752	0.5726000071	0.4850000143	0.4727999866	0.4875000119	0.5734000206	0.5654000044	0.554700017	0.5514000058	0.5411000252	0.5566999912	0.5821999907	0.5532000065	0.5672000051	0.4427999854	0.4871000051	0.4695000052	0.5710999966	0.5659000278	0.5600000024
185	1428.5	27.1	0.5600000024	0.5691999793	0.5419999957	0.5680000186	0.5748000145	0.5719000101	0.4634000063	0.4912999868	0.4805999994	0.5706999898	0.5652999878	0.554099977	0.5511999726	0.5392000079	0.5551000237	0.5819000006	0.5541999936	0.5666999817	0.4496000111	0.4731999934	0.4535999894	0.5692999959	0.5691999793	0.5593000054
186	1436.2	27	0.5608000159	0.5698000193	0.5422999859	0.5684999824	0.5770999789	0.5720000267	0.4887999892	0.4862999916	0.4930000007	0.5705999732	0.5670999885	0.5537999868	0.5512999892	0.5425000191	0.5569000244	0.581799984	0.5532000065	0.5670999885	0.4715000093	0.4898000062	0.4848999977	0.5694000125	0.5631999969	0.5591999888
187	1444	27.3	0.5598999858	0.5680000186	0.5415999889	0.5683000088	0.5753999949	0.5712000132	0.4605000019	0.4794999957	0.4510999918	0.5698999763	0.5680999756	0.5525000095	0.5504999757	0.5393000245	0.5569999814	0.5824999809	0.5537999868	0.5673999786	0.4677999914	0.4623999894	0.4745000005	0.5673999786	0.5691000223	0.5573999882
188	1451.8	27.3	0.5604000092	0.5692999959	0.5412999988	0.5683000088	0.5753999949	0.5708000064	0.4860000014	0.480399996	0.4742000103	0.5706999898	0.5645999908	0.5527999997	0.5504999757	0.5389999747	0.5554000139	0.5806999803	0.5534999967	0.5669999719	0.4399999976	0.4670000076	0.4824000001	0.5684999824	0.5695000291	0.5605999827
189	1459.5	27.3	0.5583000183	0.5687000155	0.5422000289	0.5683000088	0.5766999722	0.5710999966	0.4815999866	0.4636999965	0.4736999869	0.5741000175	0.5684999824	0.5525000095	0.551699996	0.5407000184	0.5568000078	0.5824000239	0.5529999733	0.5672000051	0.4955999851	0.4902999997	0.4866000116	0.5713999867	0.5692999959	0.5580999851
190	1467.3	27.1	0.5623000264	0.5706999898	0.5442000031	0.5691999793	0.5770999789	0.5723999739	0.4503000081	0.4731000066	0.4494000077	0.5690000057	0.5656999946	0.5530999899	0.55400002	0.5418000221	0.5577999949	0.5823000073	0.5529999733	0.5676000118	0.4596000016	0.4514999986	0.4596000016	0.5665000081	0.564899981	0.5576000214
191	1475.1	27.1	0.5609999895	0.5695000291	0.5426999927	0.5677999854	0.5745999813	0.5713999867	0.4871000051	0.4718999863	0.4932000041	0.5692999959	0.5643000007	0.5525000095	0.5522999763	0.5396000147	0.5562000275	0.581700027	0.5519999862	0.5659000278	0.4562999904	0.4812000096	0.4799999893	0.5687000155	0.5662999749	0.5575000048
192	1482.8	27.1	0.5616999865	0.5713000298	0.5436000228	0.5677000284	0.5742999911	0.57099998	0.493900001	0.4878999889	0.4889000058	0.5673999786	0.5611000061	0.5518000126	0.5519000292	0.5407000184	0.5575000048	0.5806999803	0.5526999831	0.5662000179	0.4582000077	0.4950999916	0.4984999895	0.5672000051	0.5666999817	0.5544000268
193	1490.6	27.3	0.5605999827	0.5708000064	0.5436999798	0.5699999928	0.575699985	0.5728999972	0.4690000117	0.4957000017	0.4923999906	0.5724999905	0.5638999939	0.554099977	0.5522999763	0.5412999988	0.5566999912	0.5816000104	0.5544000268	0.5677000284	0.4625999928	0.4785999954	0.4948000014	0.5673999786	0.5701000094	0.560100019
194	1498.4	27.3	0.5612000227	0.5694000125	0.5422999859	0.5683000088	0.5758000016	0.5703999996	0.4742999971	0.4853000045	0.4767999947	0.5683000088	0.565599978	0.5497999787	0.5511000156	0.5410000086	0.5552999973	0.581700027	0.5529999733	0.5667999983	0.4668000042	0.4681999981	0.4684000015	0.5680000186	0.5623000264	0.5590000153
195	1506.1	27.3	0.5611000061	0.5687999725	0.5412999988	0.5688999891	0.575600028	0.5730000138	0.5052999854	0.466899991	0.467200011	0.5713999867	0.5677000284	0.5572999716	0.5512999892	0.540199995	0.554799974	0.5814999938	0.5539000034	0.5662000179	0.4580999911	0.5113999844	0.4794999957	0.5687000155	0.5712000132	0.5602999926
196	1513.9	27.1	0.5612000227	0.5708000064	0.543900013	0.5687999725	0.5758000016	0.5727000237	0.4878000021	0.4542999864	0.4762000144	0.5717999935	0.5654000044	0.5554999709	0.5527999997	0.5412999988	0.5572000146	0.5827999711	0.5532000065	0.5665000081	0.4769000113	0.4774999917	0.4880999923	0.5705000162	0.5662999749	0.5580000281
197	1521.6	27.1	0.5612999797	0.5698999763	0.5426999927	0.567900002	0.5752999783	0.5719000101	0.4419000149	0.4869000018	0.4855000079	0.5705000162	0.565599978	0.5526000261	0.5522999763	0.5404999852	0.5565000176	0.5821999907	0.5532000065	0.5669000149	0.4715999961	0.4803000093	0.4496999979	0.57099998	0.5674999952	0.5583999753
198	1529.4	27.1	0.5622000098	0.5705000162	0.5437999964	0.5677999854	0.5755000114	0.5710999966	0.4724000096	0.477699995	0.4794999957	0.5688999891	0.5658000112	0.5527999997	0.5527999997	0.5418000221	0.5568000078	0.5824999809	0.5529000163	0.5662000179	0.46450001	0.4891000092	0.4681000113	0.5684999824	0.5662999749	0.5584999919
199	1537.2	27.3	0.5605000257	0.5699999928	0.5429000258	0.5695999861	0.5770000219	0.5727000237	0.4826999903	0.4864000082	0.4862000048	0.5734999776	0.5688999891	0.5558000207	0.5526000261	0.5407000184	0.5554999709	0.5838000178	0.5536000133	0.5680000186	0.4790000021	0.4844999909	0.4487000108	0.5716999769	0.5667999983	0.5630999804
200	1544.9	27.3	0.5630000234	0.5710999966	0.5440000296	0.5680999756	0.5751000047	0.570299983	0.4848999977	0.4582999945	0.4724999964	0.5674999952	0.5626999736	0.5480999947	0.5519999862	0.5414000154	0.5569999814	0.5809999704	0.5536999702	0.5661000013	0.4442000091	0.4758999944	0.485799998	0.5658000112	0.5656999946	0.5561000109
201	1552.7	27.1	0.5602999926	0.5698000193	0.5419999957	0.5690000057	0.5762000084	0.5716000199	0.4751000106	0.4693999887	0.4684000015	0.5713999867	0.564899981	0.5544000268	0.5515000224	0.5415999889	0.5558999777	0.5825999975	0.5548999906	0.5676000118	0.4433999956	0.4812000096	0.4774999917	0.5687999725	0.5677999854	0.5588999987
202	1560.5	27.3	0.5608000159	0.5708000064	0.5424000025	0.5698999763	0.5752000213	0.5723000169	0.4803000093	0.4656000137	0.4880000055	0.5728999972	0.5630000234	0.55400002	0.5522999763	0.5414000154	0.5544999838	0.5821999907	0.55400002	0.5687000155	0.4738000035	0.4882000089	0.4839999974	0.5667999983	0.5670999885	0.5604000092
203	1568.2	27.2	0.5631999969	0.570900023	0.5426999927	0.5692999959	0.5759999752	0.5719000101	0.4927000105	0.5063999891	0.4862000048	0.5687000155	0.5640000105	0.5544000268	0.5526999831	0.5414999723	0.557099998	0.5823000073	0.5530999899	0.5674999952	0.4797999859	0.484100014	0.4898999929	0.5698000193	0.5662999749	0.5582000017
204	1576	27.4	0.5616999865	0.5698999763	0.5428000093	0.567900002	0.5745999813	0.5713999867	0.4970999956	0.4912999868	0.4932000041	0.5687000155	0.5640000105	0.5514000058	0.5507000089	0.5406000018	0.5558999777	0.5820000172	0.5529000163	0.5659999847	0.4796999991	0.4713000059	0.4966999888	0.5669000149	0.5659000278	0.5530999899
205	1583.7	27.3	0.5613999963	0.5706999898	0.543200016	0.5690000057	0.5749999881	0.5719000101	0.4745999873	0.4873000085	0.4875999987	0.5716999769	0.5629000068	0.5523999929	0.5518000126	0.5399000049	0.556400001	0.5827999711	0.554700017	0.5667999983	0.4699999988	0.4857000113	0.4839999974	0.5676000118	0.5691000223	0.559400022
206	1591.5	27.1	0.5609999895	0.5695999861	0.5421000123	0.5695999861	0.5753999949	0.5726000071	0.4891000092	0.4997000098	0.4999000132	0.5713999867	0.5656999946	0.55400002	0.5518000126	0.5410000086	0.5555999875	0.5825999975	0.5561000109	0.568599999	0.4729000032	0.5202000141	0.4785999954	0.5680000186	0.570200026	0.5606999993
207	1599.3	27.3	0.560100019	0.5699999928	0.5429000258	0.5694000125	0.5758000016	0.5720000267	0.493900001	0.4934000075	0.4700999856	0.5734000206	0.5652999878	0.55400002	0.550999999	0.5412999988	0.5572000146	0.5831999779	0.5529999733	0.5669999719	0.4801999927	0.4905999899	0.4932999909	0.5695000291	0.5658000112	0.5580999851
208	1607	27.3	0.5587000251	0.5687999725	0.5418000221	0.5694000125	0.5752000213	0.5716999769	0.467200011	0.4902999997	0.47299999	0.574000001	0.5644000173	0.5536000133	0.5500000119	0.5403000116	0.5551000237	0.5814999938	0.5534999967	0.5659999847	0.4614000022	0.4894999862	0.4729000032	0.5680000186	0.5680999756	0.5572999716
209	1614.8	27.1	0.5616000295	0.5720000267	0.5429000258	0.5698000193	0.575699985	0.5716999769	0.4744000137	0.5031999946	0.4959000051	0.5745999813	0.5651000142	0.5500000119	0.5527999997	0.5421000123	0.5572999716	0.5834000111	0.5546000004	0.5680999756	0.4740000069	0.5059999824	0.4864000082	0.5695999861	0.5691000223	0.5598000288
210	1622.5	27.1	0.5613999963	0.5705999732	0.543299973	0.570299983	0.5752999783	0.5719000101	0.4796000123	0.4905000031	0.4833999872	0.57099998	0.5649999976	0.5521000028	0.5519999862	0.5411999822	0.5554999709	0.5827999711	0.5551000237	0.5677999854	0.469900012	0.4844000041	0.4744000137	0.5691000223	0.5677999854	0.5587000251
211	1630.3	27.4	0.5600000024	0.5706999898	0.5428000093	0.5695999861	0.5748000145	0.5716999769	0.47299999	0.4964999855	0.4862999916	0.5741000175	0.5641000271	0.5554000139	0.5512999892	0.5415999889	0.5561000109	0.5820000172	0.55400002	0.5681999922	0.4641000032	0.4709999859	0.4916000068	0.5694000125	0.5676000118	0.5615000129
212	1638.1	27.1	0.5618000031	0.5698999763	0.5428000093	0.5703999996	0.5771999955	0.5727000237	0.4966999888	0.4977999926	0.4896000028	0.5753999949	0.5703999996	0.5562999845	0.5508000255	0.5406000018	0.5572999716	0.5849999785	0.5550000072	0.5687999725	0.4799999893	0.507799983	0.4876999855	0.5741999745	0.5712000132	0.5602999926
213	1645.8	27.3	0.5605999827	0.568599999	0.5419999957	0.568599999	0.5744000077	0.5716000199	0.4760999978	0.4469999969	0.454400003	0.5717999935	0.5669999719	0.5530999899	0.5519000292	0.5412999988	0.5558000207	0.5831999779	0.5539000034	0.5665000081	0.4476000071	0.466899991	0.46419999	0.5699999928	0.568599999	0.5590000153
214	1653.6	27.4	0.5620999932	0.5720999837	0.5430999994	0.5699999928	0.5759999752	0.5715000033	0.4930000007	0.4902000129	0.472299993	0.5716000199	0.5638999939	0.5515999794	0.5526000261	0.5414999723	0.5562999845	0.5824000239	0.5536000133	0.5688999891	0.4731999934	0.4731999934	0.484100014	0.5673999786	0.5666000247	0.5598000288
215	1661.4	27.3	0.5605999827	0.570299983	0.543900013	0.570200026	0.5758000016	0.5723999739	0.483099997	0.475300014	0.4785999954	0.5722000003	0.5649999976	0.5519999862	0.5523999929	0.5418999791	0.5558000207	0.5832999945	0.5551999807	0.5669999719	0.477699995	0.5005000234	0.4569000006	0.5694000125	0.5677000284	0.5584999919
216	1669.1	27.2	0.5608000159	0.570299983	0.5419999957	0.5680000186	0.5748999715	0.570900023	0.4717000127	0.466899991	0.4853000045	0.5698999763	0.5641999841	0.5534999967	0.5529999733	0.5396999717	0.5572000146	0.5820000172	0.5536999702	0.5656999946	0.4553000033	0.483799994	0.4580999911	0.5659999847	0.5672000051	0.5550000072
217	1676.9	27.3	0.5616999865	0.5708000064	0.5419999957	0.5695000291	0.576300025	0.5722000003	0.4896000028	0.4902000129	0.4740000069	0.57099998	0.5670999885	0.5562000275	0.5519000292	0.540899992	0.5559999943	0.5831000209	0.554700017	0.5688999891	0.4623000026	0.4963999987	0.4740000069	0.5703999996	0.5701000094	0.5619000196
218	1684.7	27.3	0.5630000234	0.5712000132	0.5426999927	0.5677999854	0.5751000047	0.570900023	0.4832000136	0.5085999966	0.4765999913	0.5690000057	0.5633999705	0.5543000102	0.5529000163	0.5422000289	0.5593000054	0.5825999975	0.55400002	0.5677000284	0.4699999988	0.4990000129	0.4842000008	0.5695000291	0.5665000081	0.554099977
219	1692.4	27.3	0.5626000166	0.5722000003	0.5429000258	0.5691000223	0.5759999752	0.5705999732	0.4853000045	0.484100014	0.4936999977	0.568599999	0.5606999993	0.5507000089	0.5536999702	0.5429999828	0.5575000048	0.5824999809	0.554099977	0.5670999885	0.4541999996	0.4779999852	0.4902000129	0.5662999749	0.5659999847	0.5586000085
220	1700.2	27.3	0.5608999729	0.5687000155	0.5421000123	0.5699999928	0.5766999722	0.5720999837	0.4941999912	0.5059000254	0.4704000056	0.5731999874	0.5705999732	0.5552999973	0.5507000089	0.5394999981	0.554700017	0.5835999846	0.5551999807	0.5676000118	0.469599992	0.4876999855	0.4808000028	0.5734000206	0.5713000298	0.5631999969
221	1708	27.4	0.5619999766	0.5710999966	0.5418000221	0.5698000193	0.575699985	0.5722000003	0.4774999917	0.4869000018	0.4758999944	0.5734999776	0.5662999749	0.5552999973	0.5533000231	0.5419999957	0.5569000244	0.5832999945	0.5558000207	0.5676000118	0.4690999985	0.5031999946	0.4826000035	0.5695999861	0.5684000254	0.560100019
222	1715.7	27.3	0.5626000166	0.5699999928	0.5422999859	0.5703999996	0.5774999857	0.5727999806	0.467200011	0.4941999912	0.4600999951	0.5701000094	0.5705000162	0.557099998	0.5525000095	0.5417000055	0.5569999814	0.5834000111	0.5554000139	0.5676000118	0.4672999978	0.4805000126	0.4828000069	0.5713000298	0.5695000291	0.5587000251
223	1723.5	27.2	0.5605000257	0.570299983	0.5425000191	0.5690000057	0.5749999881	0.5716000199	0.4668000042	0.4799999893	0.472299993	0.5722000003	0.5644000173	0.5533999801	0.5518000126	0.5410000086	0.5555999875	0.5809999704	0.5536000133	0.5674999952	0.4539000094	0.4650000036	0.462199986	0.565599978	0.5662000179	0.5576000214
224	1731.3	27.3	0.5616000295	0.5712000132	0.5436000228	0.5701000094	0.5748000145	0.5712000132	0.4914999902	0.4889999926	0.4824999869	0.5713999867	0.5633000135	0.5511999726	0.5526999831	0.5424000025	0.5582000017	0.5821999907	0.5544999838	0.5673000216	0.4859000146	0.4957999885	0.480399996	0.5687999725	0.5673000216	0.5562999845
225	1739	27.4	0.5616999865	0.5705000162	0.5429000258	0.5695999861	0.5742999911	0.5715000033	0.4869000018	0.480399996	0.4745000005	0.5738000274	0.5658000112	0.5544000268	0.5533000231	0.5419999957	0.557099998	0.5823000073	0.5529000163	0.5658000112	0.4555999935	0.4846999943	0.4882999957	0.570200026	0.567900002	0.5580000281
226	1746.8	27.1	0.5615000129	0.5708000064	0.5422000289	0.5691000223	0.5752000213	0.5706999898	0.4758999944	0.4927000105	0.4760999978	0.5706999898	0.5625	0.5525000095	0.5507000089	0.540899992	0.5572000146	0.5827000141	0.5539000034	0.5661000013	0.4600000083	0.4855999947	0.4921999872	0.5681999922	0.5669000149	0.554799974
227	1754.6	27.3	0.5606999993	0.5697000027	0.5411999822	0.5694000125	0.5759000182	0.5727000237	0.4785999954	0.4859000146	0.484100014	0.5730000138	0.5662999749	0.557099998	0.5522000194	0.5411999822	0.5554000139	0.5827000141	0.5544000268	0.5680999756	0.4630999863	0.4990000129	0.4871000051	0.5690000057	0.568599999	0.5616999865
228	1762.3	27.3	0.5618000031	0.5715000033	0.5426999927	0.5699999928	0.5758000016	0.5712000132	0.5121999979	0.4909999967	0.5076000094	0.5716999769	0.5637999773	0.5519999862	0.5504000187	0.5418999791	0.5572999716	0.5825999975	0.5562000275	0.5674999952	0.480399996	0.493900001	0.4925000072	0.570299983	0.5674999952	0.5573999882
229	1770.1	27.3	0.5625	0.57099998	0.5436000228	0.5698000193	0.5766000152	0.5722000003	0.4873000085	0.4977999926	0.4889999926	0.5705000162	0.5666999817	0.5504999757	0.5518000126	0.5419999957	0.557099998	0.5838999748	0.5543000102	0.5676000118	0.4875999987	0.4898999929	0.4853000045	0.5684999824	0.5669000149	0.5583000183
230	1777.9	27.3	0.5620999932	0.5705000162	0.5428000093	0.5698999763	0.5755000114	0.5723999739	0.4887999892	0.4686000049	0.4702000022	0.5716000199	0.5665000081	0.5544000268	0.5511000156	0.5400000215	0.5572000146	0.5825999975	0.55400002	0.5669000149	0.4745000005	0.4787999988	0.4738000035	0.5680000186	0.5672000051	0.5572000146
231	1785.6	27.3	0.560199976	0.570200026	0.5429000258	0.5694000125	0.5748000145	0.5720999837	0.4957999885	0.4654999971	0.4677000046	0.5726000071	0.5644000173	0.5521000028	0.5504999757	0.5404000282	0.5569999814	0.5828999877	0.5541999936	0.5670999885	0.4650000036	0.4713999927	0.4548999965	0.5695999861	0.5688999891	0.5573999882
232	1793.4	27.3	0.5625	0.5717999935	0.5429000258	0.5687000155	0.5746999979	0.570200026	0.4869999886	0.4835999906	0.4749000072	0.57099998	0.5647000074	0.5514000058	0.550999999	0.5425999761	0.5569999814	0.581700027	0.5543000102	0.5661000013	0.4731000066	0.4803000093	0.4670000076	0.5687999725	0.5687999725	0.5593000054
