RastId	Enzyme_1	Enzyme_2	Enzyme_3	Enzyme_4	Enzyme_5	Enzyme_6	Enzyme_7	Enzyme_8	Enzyme_9	Enzyme_10	Enzyme_11	Enzyme_12	Enzyme_13	Enzyme_14	Enzyme_15	Enzyme_16	Enzyme_17	Enzyme_18	Enzyme_19	Enzyme_20	Enzyme_21	Enzyme_22	Enzyme_23	Enzyme_24	Enzyme_25	Enzyme_26	Enzyme_27	Enzyme_28	Enzyme_29	Enzyme_30	Enzyme_31	Enzyme_32	Enzyme_33	Enzyme_34	Enzyme_35	Enzyme_36	Enzyme_37	Enzyme_38	Enzyme_39	Enzyme_40	Enzyme_41	Enzyme_42	Enzyme_43	Enzyme_44	TOTAL
391241	1	1	1	2	1	1	2	1	1	1	1	2	1	1	1	2	1	1	1	1	1	2	1	3	1	1	1	1	4	2	1	1	3	1	1	1	2	1	2	2	0	1	1	2	60
390875	1	1	1	4	1	1	2	1	1	1	1	2	1	1	1	2	1	1	1	1	1	2	1	3	1	1	1	1	4	2	1	1	3	1	1	1	2	1	2	2	0	1	1	2	62
391043	2	1	1	1	1	1	1	1	0	1	2	2	0	1	1	3	2	2	3	1	3	2	2	1	1	1	1	1	4	2	1	1	4	1	2	1	1	1	2	1	1	1	1	1	64
391152	2	1	1	5	1	1	1	1	0	1	1	2	1	1	1	2	2	1	1	1	1	3	1	2	1	1	2	1	4	2	1	1	3	1	1	1	1	1	1	2	1	1	1	1	62
390981	3	1	1	5	1	1	1	2	0	2	1	2	2	1	2	6	2	1	1	1	2	3	1	2	1	1	1	1	6	2	1	1	3	1	2	1	2	2	2	2	1	1	1	1	77
390975	2	1	1	4	1	1	1	1	0	1	1	2	1	1	1	2	2	1	1	1	1	2	1	3	1	1	2	1	4	2	1	2	2	1	1	1	0	1	2	2	1	1	1	1	61
391119	2	1	1	4	1	1	1	1	0	1	1	2	1	1	1	3	2	1	1	1	1	2	1	3	1	2	2	1	4	2	1	2	2	1	1	2	1	1	2	2	1	1	1	1	65
390957	2	1	1	4	1	1	1	1	0	2	1	2	1	1	2	3	2	1	2	1	2	3	1	3	1	1	1	1	5	2	1	1	3	1	1	1	2	1	2	2	1	1	1	1	69
391003	2	1	0	4	1	1	1	1	0	2	1	2	1	1	2	3	2	1	1	1	2	2	1	3	1	1	1	1	5	2	1	1	3	1	1	1	2	1	2	2	1	1	1	1	66
390859	1	1	1	3	1	1	1	1	0	1	1	2	1	1	1	2	2	1	1	1	1	2	1	3	1	1	2	1	3	2	1	1	1	0	1	1	1	1	2	2	1	1	1	1	56
391110	1	1	1	3	1	1	1	1	0	1	1	2	1	1	1	2	2	1	1	1	1	1	1	3	1	1	1	0	3	2	1	1	1	1	1	1	1	1	2	2	1	1	1	1	54
391050	2	1	1	4	1	1	1	1	0	1	1	2	2	1	1	2	2	1	1	1	1	2	1	2	1	1	1	1	4	2	2	1	3	1	1	1	1	1	1	2	1	1	1	1	61
391102	2	1	1	3	1	1	1	1	0	1	1	2	1	1	1	4	2	1	1	1	2	3	1	2	1	1	2	1	4	2	1	1	3	1	1	1	1	1	2	2	1	1	1	1	64
390889	2	1	1	5	1	1	1	1	0	1	1	2	1	1	1	4	2	1	1	1	2	3	1	3	1	2	1	1	4	2	2	1	3	1	1	1	1	2	2	4	1	1	1	1	71
391231	1	1	1	3	1	1	1	1	0	1	1	2	1	0	1	1	2	1	1	1	2	1	1	3	1	1	1	1	3	1	1	2	2	1	1	2	0	1	1	2	1	1	1	1	54
391156	1	1	1	7	1	1	1	1	0	1	1	2	1	1	1	2	2	1	1	1	2	2	1	3	1	2	1	1	4	2	1	1	2	1	1	1	1	1	2	2	1	1	1	1	64
391157	3	1	1	5	1	1	1	2	0	2	1	2	2	1	2	5	2	1	1	1	2	3	1	2	1	1	1	1	6	2	1	1	3	1	1	1	2	2	2	2	1	1	1	1	75
390978	2	1	1	6	1	0	1	1	0	1	1	1	1	0	1	3	1	2	1	0	1	3	0	3	1	0	1	1	4	2	1	1	2	1	2	1	1	1	3	4	1	1	1	1	62
390962	3	1	1	4	1	1	1	1	0	1	1	2	1	1	1	3	2	1	1	1	2	4	1	2	1	1	2	1	4	2	1	1	3	1	1	1	1	1	2	2	1	1	1	1	66
390865	3	1	1	3	1	1	1	1	0	1	0	2	1	1	1	3	2	1	1	1	2	4	1	2	1	1	2	1	4	2	1	1	3	1	1	1	1	1	2	2	1	1	1	1	64
390977	1	1	1	5	1	1	1	1	0	1	1	2	1	1	1	2	2	1	1	1	2	3	1	3	1	1	1	1	4	2	1	2	2	1	1	2	1	2	2	2	1	1	1	1	65
391109	3	1	1	2	1	1	1	1	0	1	1	2	1	1	1	3	2	1	1	1	2	4	1	2	1	1	2	1	4	2	1	1	3	1	1	1	1	1	1	2	0	0	1	0	60
390998	2	1	1	4	1	1	0	1	0	1	1	2	1	1	1	4	2	1	1	1	2	3	1	2	1	1	2	1	4	2	1	1	3	1	1	1	1	1	2	2	1	1	1	1	64
390996	2	1	2	5	1	1	3	2	2	1	3	2	1	2	3	7	2	1	1	2	2	4	2	3	1	2	2	2	5	2	1	2	2	1	1	2	1	2	2	3	1	0	1	1	89
390853	0	0	1	3	1	1	1	0	0	1	1	2	1	1	1	2	1	1	1	1	2	2	1	2	1	1	2	1	5	2	0	1	3	1	1	1	1	1	1	2	1	1	0	1	54
390964	1	1	1	3	1	1	1	1	0	1	1	2	1	1	1	2	1	1	1	1	1	2	1	3	1	1	2	1	5	2	1	1	3	1	1	1	1	1	1	2	1	1	1	1	59
391203	1	1	1	3	1	1	1	1	0	1	1	2	1	1	1	2	1	1	1	1	1	2	1	2	1	1	2	1	5	2	1	1	3	1	1	1	1	1	1	2	1	1	0	1	57
391030	1	1	1	3	1	1	0	1	0	1	1	2	1	1	1	2	1	1	1	1	1	2	1	2	1	1	2	1	5	2	1	1	3	1	1	1	1	1	1	2	1	1	0	1	56
391210	1	1	1	3	1	1	1	1	0	1	1	2	1	1	1	2	1	1	1	1	1	2	1	2	1	1	2	1	5	2	1	1	3	1	1	1	1	1	1	2	1	1	1	1	58
390854	1	1	1	3	1	1	1	1	0	1	1	2	1	1	1	3	1	1	1	1	1	2	1	2	1	1	2	1	5	2	1	1	3	1	1	2	1	1	1	2	1	1	1	1	60
390829	1	1	1	3	1	1	1	1	0	1	1	2	0	1	1	2	1	1	1	1	1	2	1	2	1	1	2	1	5	2	1	1	3	1	1	1	1	1	1	2	1	1	1	1	57
391194	1	1	1	3	1	1	1	1	0	1	1	2	1	1	1	2	1	1	1	1	1	2	1	2	1	1	2	1	5	2	1	1	3	1	1	1	1	1	1	2	1	1	1	1	58
390851	4	1	1	6	1	1	1	1	0	1	2	2	1	1	1	5	3	3	3	1	4	5	1	1	1	1	2	1	4	2	1	1	4	1	1	1	1	1	2	2	1	1	1	1	80
391180	1	1	1	5	1	1	1	1	0	1	2	2	1	1	1	4	1	1	1	1	1	3	1	2	1	1	1	1	4	2	1	1	3	1	1	1	2	1	1	2	1	1	1	1	63
391252	2	1	1	3	1	1	1	1	0	1	0	2	1	1	1	3	1	1	1	1	2	2	0	1	1	1	1	1	4	2	1	1	3	1	1	1	2	1	2	3	1	1	1	1	59
391253	1	1	1	5	1	1	1	2	0	1	2	2	1	1	2	3	2	1	1	1	1	4	0	2	1	1	1	1	6	2	1	1	2	1	1	1	2	1	1	4	1	1	1	1	68
391235	0	0	1	2	0	0	1	0	0	0	1	0	0	0	1	1	0	0	0	0	1	0	0	1	1	1	1	0	1	0	1	0	0	0	0	0	0	1	0	0	0	0	0	0	15
391055	0	0	1	2	0	0	1	0	0	0	1	0	0	0	1	1	0	0	0	0	1	0	0	1	1	1	1	0	1	0	1	0	0	0	0	0	0	1	0	0	0	0	0	0	15
390887	1	0	1	2	1	1	1	0	0	0	1	0	1	1	1	3	0	1	1	1	0	1	1	0	1	1	1	1	1	2	1	1	1	1	1	1	1	1	1	2	1	0	1	1	40
390897	1	0	1	2	1	1	1	1	0	0	1	1	1	1	1	3	2	1	0	1	0	2	1	1	1	2	1	0	2	2	0	1	1	1	1	0	0	1	2	2	1	0	1	1	44
390965	1	0	1	1	1	1	0	1	0	0	1	1	1	1	0	2	1	1	1	1	1	2	0	1	1	1	1	1	1	0	1	1	1	1	1	1	1	1	1	1	0	0	1	1	37
391023	1	1	1	2	1	1	1	1	0	0	1	1	1	1	1	3	1	1	1	1	1	2	1	1	1	1	1	1	1	2	1	1	1	1	1	1	1	1	2	2	1	0	1	1	48
391195	2	1	1	5	1	1	2	1	1	0	2	2	1	1	1	4	2	2	2	1	2	5	2	2	1	1	1	1	3	2	1	1	2	1	2	1	1	1	2	2	1	0	1	1	70
390868	2	1	1	4	1	1	1	1	0	1	2	2	1	1	1	5	2	2	2	1	2	3	2	1	1	1	1	1	3	2	1	1	3	1	1	1	2	1	2	2	1	1	1	1	68
390825	2	1	1	4	1	1	1	1	0	1	2	2	1	1	1	5	2	2	2	1	2	3	2	1	1	1	1	1	3	2	1	1	3	1	1	1	2	1	2	2	1	1	1	1	68
391205	2	1	1	2	1	1	2	1	1	1	3	2	1	1	1	8	2	2	2	1	3	4	2	1	1	1	1	1	4	2	1	1	6	1	1	2	1	1	2	2	1	1	1	1	78
391019	3	1	1	3	1	1	1	1	0	1	1	2	1	1	1	2	3	2	2	1	3	3	2	1	1	1	1	1	5	2	1	1	3	1	1	1	2	1	2	2	1	1	1	1	68
390838	1	1	1	4	1	1	2	1	1	1	2	2	0	1	1	3	1	1	2	1	2	3	1	4	1	1	2	1	4	2	1	1	4	1	1	2	1	1	2	2	1	1	1	1	69
391256	1	1	1	3	1	1	2	1	1	1	1	2	1	1	1	3	1	1	1	1	2	2	1	1	1	1	1	1	4	2	1	1	2	1	1	1	1	1	1	2	1	1	1	1	58
391033	1	1	1	2	1	1	1	1	0	1	1	2	1	1	1	2	1	0	1	1	2	2	1	2	1	1	2	1	4	2	1	1	2	1	1	0	2	1	2	2	1	1	1	1	56
390969	1	1	0	2	1	1	1	1	0	1	0	2	1	1	1	3	1	1	1	1	2	2	1	2	1	1	1	1	3	2	1	1	2	1	1	1	2	1	2	2	1	1	1	1	55
390855	2	1	1	2	1	1	1	1	0	0	2	2	1	1	1	3	0	1	1	1	2	2	1	2	1	1	2	1	3	1	1	1	2	1	1	1	2	1	2	2	1	1	0	1	56
390983	1	1	1	2	1	1	1	1	0	1	0	2	1	1	1	3	1	1	1	1	2	2	1	2	1	1	2	1	3	2	1	2	2	1	1	1	2	1	2	2	1	1	1	0	57
391042	1	1	1	2	1	1	1	1	0	1	1	2	1	1	1	2	1	1	1	1	2	2	1	2	1	1	2	1	4	2	1	1	2	1	1	1	2	1	2	2	1	1	1	1	58
390995	1	1	1	2	1	1	1	1	0	1	1	2	1	1	1	2	1	1	1	1	2	2	1	2	1	1	1	1	4	2	1	1	2	1	1	1	1	1	2	2	1	1	1	1	56
391255	2	1	1	2	1	1	3	1	1	1	1	2	1	1	1	4	1	1	1	1	1	2	1	2	1	1	1	1	4	2	1	1	2	1	1	1	1	1	2	2	1	1	1	1	61
391229	1	1	1	2	1	1	1	1	0	0	1	2	1	1	1	2	1	1	1	1	1	1	1	1	1	1	1	1	2	2	1	1	1	1	1	1	1	1	2	2	1	0	1	1	48
391251	2	1	1	2	1	1	2	1	1	1	1	2	1	1	1	2	1	1	1	1	1	2	1	1	1	1	1	1	3	2	1	1	2	1	1	1	1	1	2	2	1	1	1	1	56
391248	1	1	1	3	1	1	1	1	0	0	3	1	1	1	1	3	1	1	1	1	1	2	1	2	1	1	1	1	3	2	1	1	1	1	1	1	1	1	1	2	1	0	1	1	53
391007	1	1	1	3	1	1	1	1	0	0	3	1	1	1	1	3	1	1	1	1	1	2	1	2	1	1	1	1	3	2	1	1	1	1	1	1	1	1	1	2	1	0	1	1	53
390852	1	1	1	2	1	1	1	1	0	0	3	1	1	1	0	2	1	1	1	1	1	2	1	1	1	1	1	1	2	2	1	1	2	1	1	1	1	1	1	2	1	0	1	1	49
390979	1	1	1	2	1	1	1	1	0	1	1	2	1	1	1	2	1	1	1	1	3	2	1	4	1	2	1	1	4	2	1	1	4	1	1	1	2	1	2	2	1	1	1	1	63
390894	1	1	1	2	1	1	1	1	0	1	1	2	1	1	1	2	1	1	1	1	3	2	1	2	1	1	1	1	4	2	1	1	2	1	1	1	2	1	2	2	1	1	1	1	58
391213	1	1	1	2	1	1	1	1	0	1	1	2	1	1	1	2	1	1	1	1	3	2	1	3	1	1	1	1	4	2	1	1	3	1	1	1	2	1	2	2	1	1	1	1	60
391182	3	1	1	2	1	1	2	1	1	1	1	2	1	1	1	3	2	2	2	1	3	4	2	2	1	1	1	1	4	2	1	1	5	1	1	1	2	1	2	2	1	1	1	1	72
391211	1	1	1	4	1	1	1	1	0	1	4	2	1	1	1	3	1	1	1	1	1	2	1	3	1	1	1	1	4	2	1	1	2	1	1	1	1	1	2	2	1	1	1	1	62
391176	2	1	1	2	1	1	2	1	1	1	2	2	1	1	1	2	2	2	3	1	2	3	2	2	1	1	1	1	5	2	1	1	4	1	1	1	2	1	2	2	1	1	1	1	70
391201	1	1	1	2	1	1	1	1	0	1	1	2	1	1	1	2	1	1	1	1	1	2	1	2	1	1	1	1	4	2	1	1	3	1	1	1	2	2	2	2	1	1	1	1	58
391172	1	1	1	2	1	1	1	1	0	1	1	2	1	1	1	2	1	1	1	1	1	2	1	2	1	1	1	1	4	2	1	1	3	1	1	1	2	2	2	2	1	1	1	1	58
390928	2	1	1	2	1	1	1	1	0	0	1	2	1	1	1	2	2	1	1	1	1	2	1	3	1	1	1	1	4	2	1	1	4	1	1	1	1	1	2	4	1	1	1	1	61
391046	2	1	1	2	1	1	1	1	0	0	1	2	1	1	1	2	2	1	1	1	1	2	1	3	1	1	1	1	4	2	1	1	4	1	1	1	1	1	2	4	1	1	1	1	61
390917	2	1	1	2	1	1	1	1	0	0	1	2	1	1	1	2	2	1	1	1	1	2	1	3	1	1	1	1	3	2	1	1	4	1	1	1	1	1	2	2	1	1	1	1	58
390823	2	1	1	2	1	1	1	1	0	0	1	2	1	1	1	2	2	1	1	1	1	2	1	3	1	1	1	1	3	2	1	1	4	1	1	1	1	1	2	4	1	1	1	1	60
391225	2	1	1	5	1	1	1	1	0	1	1	2	1	1	1	3	2	1	1	1	2	4	1	1	1	1	2	1	5	2	1	1	2	1	1	1	1	1	2	2	1	1	1	1	65
391187	1	1	1	2	1	1	1	1	0	1	3	2	1	1	1	2	1	1	1	1	2	2	1	2	1	1	1	1	4	3	1	1	1	1	1	1	1	1	1	2	1	0	1	1	56
390970	1	1	1	3	1	1	1	1	0	1	1	2	1	1	1	2	2	1	1	1	1	2	1	3	1	1	2	1	4	2	1	1	2	1	1	1	1	1	2	2	1	1	1	1	59
390912	1	1	1	3	1	1	1	1	0	1	1	2	1	1	1	2	2	1	0	1	1	2	1	3	1	1	2	1	3	2	1	1	2	1	1	1	1	1	2	2	1	1	1	1	57
390832	1	1	1	2	1	1	2	1	1	0	2	2	1	1	1	3	1	1	1	1	2	3	1	2	1	1	1	1	4	2	1	1	2	1	1	2	1	1	2	3	1	1	1	1	62
390948	1	1	1	5	1	1	1	1	0	1	2	2	1	1	1	3	1	1	1	1	2	2	1	2	1	1	1	1	5	2	1	1	2	1	1	1	2	1	2	2	1	1	1	1	63
390870	2	1	1	6	1	1	1	1	0	1	2	2	1	1	1	4	2	2	2	1	2	3	2	2	1	1	1	1	4	2	1	1	3	1	1	1	2	1	2	2	1	0	1	2	71
391122	1	1	1	3	1	1	1	1	0	1	1	2	1	1	1	3	1	1	1	1	1	2	0	1	1	2	1	1	4	2	1	1	2	1	1	1	2	1	2	2	1	1	1	1	57
390941	3	1	1	4	1	1	1	1	0	1	2	2	1	1	1	6	2	2	2	1	2	3	2	2	1	1	1	1	4	2	1	1	5	1	1	1	2	1	2	2	1	1	1	2	75
390932	2	1	1	3	1	1	1	1	0	1	2	2	1	1	1	4	2	2	2	1	1	3	1	2	1	1	1	1	4	2	1	1	4	1	1	1	2	2	2	2	1	1	1	1	68
391249	1	1	1	5	1	1	1	1	0	1	1	2	1	1	1	3	1	1	1	1	1	2	1	1	1	1	1	1	4	2	1	1	2	1	1	1	2	1	2	2	1	1	1	1	59
391120	1	1	1	3	1	1	1	1	0	1	1	2	1	1	1	3	1	1	1	1	1	2	0	1	1	2	1	1	4	2	1	1	2	1	1	1	2	1	2	2	1	1	1	1	57
390984	3	1	1	5	1	1	1	1	0	1	1	2	1	1	1	6	3	2	2	1	2	3	2	1	1	1	1	1	5	2	1	1	2	1	1	1	2	1	2	2	1	1	1	1	72
391112	1	1	1	3	1	1	1	1	0	1	1	2	1	1	1	2	1	1	1	1	1	2	1	3	1	1	1	1	4	2	1	1	3	1	1	1	1	1	3	4	1	1	1	1	61
390906	1	1	1	3	1	1	1	1	0	0	1	2	1	1	1	2	1	0	1	1	1	2	1	3	1	1	1	1	3	2	1	1	2	1	2	1	1	1	2	2	1	1	1	1	55
391168	1	1	1	2	1	1	1	1	0	1	1	2	1	1	1	3	1	1	1	1	1	2	1	2	1	1	2	1	4	2	1	1	2	1	1	1	1	1	1	2	1	1	1	1	56
391083	2	1	1	2	1	1	2	1	1	1	1	2	1	1	1	2	1	1	1	1	1	2	1	1	1	1	1	1	3	2	1	1	2	1	1	1	1	1	2	2	1	1	1	1	56
391154	2	1	1	2	1	1	2	1	1	1	1	2	1	1	1	2	1	1	1	1	1	2	1	2	1	1	1	1	3	2	1	1	2	1	1	1	1	1	2	2	1	1	1	1	57
391206	2	1	1	2	1	1	2	1	1	1	1	2	1	1	1	2	1	1	1	1	1	2	1	1	1	1	1	1	4	2	1	1	2	1	1	1	1	1	2	2	1	1	1	1	57
391167	1	1	1	3	1	1	1	1	0	1	1	1	1	1	1	3	1	1	1	1	1	2	1	1	1	1	1	1	5	3	1	2	3	1	0	2	1	1	1	3	1	1	1	1	59
391181	1	1	1	2	1	1	1	1	0	1	2	1	1	1	1	4	1	1	1	1	1	2	1	3	1	1	1	1	4	3	1	2	3	1	1	2	1	1	1	3	1	1	1	1	62
390999	1	1	1	2	1	1	2	1	1	1	1	2	1	1	1	2	1	1	1	1	2	2	1	2	1	2	1	1	5	2	1	1	3	1	1	1	1	1	1	2	1	1	1	1	60
391174	1	1	1	3	1	1	1	1	0	1	2	2	1	1	1	5	1	1	2	1	3	3	1	1	1	1	1	1	4	2	1	1	2	1	1	1	1	1	1	2	1	1	1	1	62
391197	1	1	1	3	1	1	2	1	1	1	1	2	1	1	1	2	1	1	1	1	2	3	1	2	1	1	2	1	4	2	1	1	2	1	1	1	1	1	2	2	1	0	1	1	60
390958	3	1	1	6	1	1	1	1	0	1	2	2	1	1	1	5	2	2	2	1	2	3	1	2	1	1	1	1	4	2	1	1	4	1	1	2	2	1	2	2	1	1	1	1	74
390898	3	1	2	4	2	2	2	1	1	3	2	2	2	2	2	8	3	3	4	1	4	4	3	3	2	3	2	2	6	2	2	2	4	2	2	3	2	2	5	4	2	1	3	2	117
391005	1	1	1	3	1	1	1	1	0	2	1	2	1	1	1	4	1	1	1	1	1	2	1	1	1	1	2	1	5	2	1	2	2	1	1	2	1	1	1	2	1	1	1	1	61
390828	1	1	1	5	1	1	2	1	1	1	3	2	1	1	1	4	1	1	1	1	1	3	1	1	1	1	1	1	5	2	1	1	2	1	2	1	1	1	2	2	1	1	1	1	66
391096	2	1	1	4	1	1	2	1	1	2	2	1	1	1	1	5	1	2	2	1	1	3	1	2	1	1	1	1	3	1	1	1	5	1	1	1	1	3	1	2	1	0	1	1	68
390880	1	1	1	2	1	1	2	1	1	1	4	2	1	1	1	5	1	1	1	0	2	1	1	2	1	1	1	1	5	2	1	3	2	1	1	3	1	1	1	1	1	1	1	1	65
390896	1	1	1	4	2	1	2	1	1	1	5	2	1	1	1	4	1	1	1	1	1	2	1	2	1	1	1	1	3	2	1	1	2	1	1	2	1	2	1	3	1	0	1	1	66
390926	1	1	1	2	1	1	2	1	1	1	2	2	1	1	1	4	1	1	1	1	2	2	1	1	1	1	1	1	4	2	1	1	2	1	1	1	1	1	2	2	1	1	1	1	60
391000	1	2	1	3	1	1	1	1	0	1	4	2	1	1	1	3	1	1	1	1	1	3	1	1	1	1	1	1	3	2	1	1	3	1	1	2	1	1	1	5	1	0	1	1	63
391031	1	1	1	4	1	1	2	1	1	2	4	1	1	1	1	5	1	2	2	1	1	2	1	2	1	1	2	1	4	1	1	1	5	1	1	1	1	2	2	2	1	0	1	1	70
391212	1	1	1	2	1	1	2	1	1	1	4	2	1	1	1	4	1	1	1	1	2	3	1	1	1	1	1	1	4	2	1	1	2	1	1	1	1	1	2	2	1	1	1	1	63
391184	1	1	1	2	1	1	2	1	1	1	5	2	1	1	1	4	1	1	1	1	1	2	1	2	1	1	2	1	3	2	1	2	3	1	1	2	1	1	2	2	1	1	1	1	66
391188	1	1	1	2	1	1	1	1	0	1	0	2	1	1	1	4	1	1	1	1	1	3	1	1	1	1	1	1	3	2	1	1	3	1	1	1	1	1	2	2	1	1	1	1	56
390955	2	1	2	3	1	1	1	0	0	3	2	1	1	1	3	2	1	2	2	1	3	4	1	3	1	2	0	1	6	1	2	2	4	1	2	1	2	2	1	2	1	0	2	1	75
390886	2	1	0	4	1	1	1	1	0	3	1	3	2	1	1	1	2	3	1	1	2	3	1	3	0	0	2	0	3	2	1	1	5	1	1	1	0	0	1	1	1	2	1	1	63
390943	1	1	1	2	1	1	1	1	0	1	1	2	1	1	1	2	1	1	1	1	1	3	1	2	1	1	1	1	3	2	1	1	2	1	1	1	1	1	2	2	1	1	1	1	55
391091	3	1	1	2	1	1	1	1	0	2	2	2	1	1	1	2	2	3	2	1	3	3	2	3	1	1	1	1	4	2	1	1	4	1	1	1	1	1	1	2	1	1	1	1	69
390913	1	1	2	4	1	2	2	1	1	1	5	3	2	1	1	5	1	1	1	1	1	3	1	3	1	2	1	1	3	2	2	2	3	2	1	3	2	1	1	3	1	0	1	1	78
391057	2	1	1	2	1	1	1	1	0	2	2	2	1	1	1	2	2	2	2	1	3	3	2	2	1	1	2	1	6	2	1	1	4	1	1	1	1	1	1	2	1	1	1	1	69
391084	2	1	1	3	1	1	1	1	0	1	2	2	1	1	1	4	2	1	3	1	2	2	1	1	1	1	1	1	5	2	1	1	4	2	1	1	1	2	1	2	1	1	1	1	67
390908	2	2	1	7	1	0	1	1	0	1	3	2	2	1	1	4	1	1	2	0	0	2	1	0	2	0	1	2	3	1	1	1	1	2	1	1	2	0	2	4	0	1	1	1	63
391075	7	3	3	8	4	3	3	3	2	2	4	5	4	3	2	13	4	4	4	3	4	8	3	5	3	3	4	3	12	2	3	4	6	3	4	6	3	3	5	6	3	3	3	4	187
390922	4	1	1	4	1	1	2	2	0	2	3	3	1	1	4	5	3	4	4	1	2	5	2	4	1	2	3	1	7	2	1	2	5	1	1	1	1	1	3	4	1	2	1	1	101
391199	1	1	1	2	1	1	2	1	1	1	2	2	1	1	1	3	1	1	1	1	1	3	1	2	1	1	1	1	4	2	1	1	2	1	2	1	1	1	2	2	1	1	1	1	61
390959	1	1	1	3	1	1	2	1	1	1	1	2	1	1	1	4	1	1	1	1	1	3	1	1	1	1	1	1	5	2	1	1	2	1	1	1	1	1	1	2	1	1	1	1	60
390900	0	1	1	4	1	1	2	1	1	1	1	2	1	1	1	4	1	1	1	1	1	2	0	6	1	1	2	1	4	2	0	1	4	1	1	1	3	2	1	3	1	1	1	1	68
391118	1	1	1	3	1	1	2	1	1	1	1	2	1	1	1	3	1	1	1	1	2	2	1	4	1	1	2	1	5	2	1	1	3	1	1	1	2	1	2	3	1	1	1	1	67
391062	1	1	1	4	1	1	2	1	1	1	1	2	1	1	1	3	1	1	1	1	2	2	1	3	1	1	1	1	4	2	1	1	4	1	1	1	2	1	1	3	1	1	1	1	65
391123	1	1	1	4	1	1	2	1	1	1	1	2	1	1	1	3	1	1	1	1	2	2	1	3	1	1	1	1	4	2	1	1	4	1	1	1	2	1	1	3	1	1	1	1	65
391257	1	1	1	3	1	1	2	1	1	1	1	2	1	1	1	3	1	1	1	1	1	2	1	3	1	1	1	1	4	2	1	1	4	1	1	1	2	1	2	3	1	1	1	1	64
391160	1	1	1	3	1	1	2	1	1	1	1	2	1	1	1	3	1	1	1	1	1	2	1	3	1	1	1	1	4	2	1	1	4	1	1	1	2	1	2	3	1	1	1	1	64
391161	1	1	1	4	1	1	2	1	1	1	1	2	1	1	1	3	1	1	1	1	1	2	1	3	1	1	1	1	4	2	1	1	3	1	1	1	2	1	1	3	1	1	1	1	63
390842	1	1	1	3	1	1	2	1	1	1	1	2	1	1	1	4	1	1	1	1	2	2	1	3	1	1	2	1	4	2	1	2	3	1	1	2	2	1	1	3	1	1	1	1	67
390934	1	1	1	3	1	1	2	1	1	1	1	2	1	1	1	4	1	1	1	1	1	2	1	3	1	1	1	1	4	2	1	1	3	1	1	1	2	1	1	3	1	1	1	1	63
390986	1	1	1	3	1	1	2	1	1	1	1	2	1	1	1	4	1	1	1	1	1	2	1	3	1	1	2	1	4	2	1	2	3	1	1	2	2	1	1	3	1	1	1	1	66
390994	1	1	1	3	1	1	2	1	1	1	1	2	1	1	1	3	1	1	1	1	2	2	1	3	1	2	1	1	4	2	1	1	4	1	1	1	2	1	2	3	1	1	1	1	66
391037	1	1	1	3	1	1	2	1	1	1	1	2	1	1	1	3	1	1	1	1	2	2	1	2	1	1	1	0	4	2	1	2	4	1	1	1	2	1	2	3	1	1	1	1	64
390923	1	1	1	4	1	1	2	1	1	1	1	2	1	1	1	2	1	1	1	1	2	2	1	3	1	1	1	1	4	2	1	1	4	1	1	1	2	1	1	3	1	1	1	1	64
391100	1	1	1	3	1	1	2	1	1	1	1	2	1	1	1	4	1	1	1	1	1	2	1	3	1	1	1	0	4	2	1	1	4	1	1	1	2	1	1	3	1	1	1	1	63
391028	1	1	1	4	1	1	2	1	1	1	1	2	1	1	1	2	1	1	1	1	2	2	1	3	1	2	1	1	4	2	1	1	3	1	1	1	2	1	2	3	1	1	1	1	65
390843	1	1	1	4	1	1	2	1	1	1	1	2	1	1	1	3	1	0	1	1	2	2	1	3	1	1	2	1	4	2	1	1	3	1	1	1	2	1	1	3	1	1	1	1	64
391108	1	1	1	4	1	1	2	1	1	1	1	2	1	1	1	3	1	1	1	1	2	2	1	3	1	1	1	0	4	2	1	1	4	1	1	1	2	1	2	3	1	1	1	1	65
391064	2	1	1	4	1	1	2	1	1	1	1	3	1	1	1	4	1	1	1	1	1	3	0	3	1	1	3	2	5	2	1	1	4	1	1	1	3	1	1	3	1	1	1	1	72
390940	1	1	1	4	1	1	2	1	1	1	1	2	1	1	1	5	1	1	1	1	1	2	1	3	1	1	2	1	3	2	1	1	4	1	1	1	2	1	1	3	1	1	1	1	66
391207	1	1	1	3	1	1	3	1	2	1	1	2	1	1	1	2	1	1	1	1	2	2	1	3	1	1	2	1	4	2	1	1	3	2	1	1	2	1	2	3	1	1	1	1	67
391085	1	1	1	3	1	1	2	1	1	1	1	2	1	1	1	4	1	1	1	1	1	2	1	3	1	1	2	1	4	2	1	1	5	1	1	1	2	1	2	3	1	1	1	1	67
390816	1	1	2	3	2	2	1	1	0	1	2	2	1	1	1	7	1	1	1	1	2	2	1	1	1	1	1	1	5	2	1	1	3	1	1	1	1	1	2	2	1	1	1	2	68
391098	2	1	1	3	1	1	1	1	0	1	4	2	1	1	1	5	1	2	2	1	3	4	2	2	1	1	1	1	4	2	1	1	4	1	1	2	1	1	2	2	1	0	1	1	72
391070	1	1	1	4	1	1	3	1	1	1	2	3	1	1	1	3	1	1	1	1	1	2	2	2	1	1	1	1	3	2	1	1	2	1	2	1	2	1	3	2	1	1	1	1	66
390980	1	1	1	3	1	1	2	1	1	1	6	2	1	1	1	6	1	1	1	1	1	2	1	2	1	1	1	1	3	2	1	1	2	1	1	2	1	1	1	2	1	0	1	1	65
391088	4	1	1	3	1	1	1	1	0	1	1	2	2	0	1	3	3	2	2	1	3	4	2	1	0	1	1	1	4	2	1	2	3	1	1	2	2	1	1	2	1	1	1	1	70
391183	3	1	1	3	1	1	1	1	0	1	1	2	2	1	1	3	3	2	2	1	3	4	1	1	1	1	1	1	4	2	1	2	3	1	1	2	2	1	2	2	1	1	1	1	71
391060	3	1	1	3	1	1	1	1	0	1	1	2	2	1	1	3	3	2	2	1	3	4	1	1	1	1	1	1	5	2	1	2	3	1	1	2	2	1	2	2	1	0	1	1	71
391177	2	1	1	3	1	1	1	1	0	0	1	2	1	1	1	2	2	1	1	1	1	3	1	1	1	1	1	1	3	2	1	1	2	1	1	1	1	1	1	2	1	1	1	1	55
391151	1	1	1	4	1	1	1	1	0	1	1	2	2	1	1	3	2	1	1	1	1	2	1	2	1	1	1	1	5	2	1	1	2	1	1	1	2	1	1	1	1	0	1	1	59
391227	3	1	1	4	1	1	1	2	0	1	2	2	2	1	2	4	3	2	2	1	4	3	1	2	1	1	2	1	5	2	1	2	8	1	3	2	1	1	2	2	1	1	1	1	85
390987	3	1	1	7	1	1	1	2	0	1	1	2	2	1	2	6	3	2	2	1	4	3	1	3	1	1	2	1	5	2	1	2	4	1	1	2	1	1	2	2	1	1	1	1	84
390866	1	1	1	5	1	1	1	1	0	1	1	2	1	1	1	5	2	1	1	1	1	2	1	2	1	1	1	1	5	2	1	1	2	1	1	1	2	1	1	2	1	1	1	1	63
391216	4	1	1	3	1	1	1	2	0	1	1	2	2	1	2	4	3	2	2	1	3	4	2	2	1	1	1	1	5	2	1	1	4	1	2	1	2	1	2	2	1	1	1	1	78
391164	1	1	1	4	1	1	1	1	0	1	1	2	1	1	1	4	2	1	1	1	1	2	1	2	1	1	1	1	5	2	1	1	3	1	1	1	2	1	2	2	1	1	1	1	63
391198	4	1	1	4	1	1	1	2	0	1	1	2	1	1	2	5	3	2	2	1	2	4	2	2	1	1	1	1	5	2	1	1	3	1	1	1	2	1	2	2	1	1	1	1	76
391218	1	1	1	3	1	1	1	1	0	2	1	2	1	1	2	3	2	1	1	1	2	2	2	3	1	1	1	1	5	2	1	1	4	1	1	1	2	1	2	2	1	1	1	1	67
391242	1	1	1	3	1	1	2	1	1	2	1	2	1	1	1	4	1	1	1	1	1	2	1	3	1	1	1	1	5	2	1	1	3	1	1	1	1	1	2	2	1	1	1	1	64
391193	1	1	1	3	1	1	2	1	1	1	1	2	1	1	1	5	1	1	1	1	2	2	1	1	1	1	1	1	4	2	1	1	2	1	1	1	1	1	1	2	1	1	1	1	60
391056	1	1	1	3	1	1	2	1	1	1	2	2	1	1	1	3	1	1	1	1	2	2	1	2	1	1	2	1	5	2	1	1	3	1	1	1	1	1	2	2	1	1	1	1	64
390945	1	1	1	3	1	1	1	1	0	2	1	2	1	1	1	4	1	1	1	1	1	2	1	1	1	1	2	1	5	2	1	2	2	1	1	2	1	1	1	2	1	1	1	1	61
390910	1	1	1	2	1	1	2	1	1	1	2	2	1	1	1	2	1	1	1	1	1	1	1	3	1	1	2	1	4	2	1	1	2	1	1	1	1	1	1	2	1	1	1	1	58
391069	1	2	2	5	3	2	3	1	1	3	5	3	1	1	2	7	1	2	1	1	2	3	1	4	2	3	2	2	4	3	1	3	1	1	0	1	2	2	3	4	1	0	2	2	96
390931	1	1	1	2	1	1	1	1	0	1	1	2	1	1	1	3	1	1	1	1	2	2	1	2	1	1	1	1	4	2	1	1	3	1	1	1	1	1	2	2	1	1	1	1	58
390811	1	1	1	3	1	1	2	1	1	1	3	2	1	1	1	4	1	1	1	1	1	2	1	1	1	1	1	1	3	3	1	1	2	1	1	1	1	1	1	2	1	0	1	1	59
390944	1	1	1	3	1	1	2	1	1	0	3	2	1	1	1	4	1	1	1	1	2	2	1	2	1	1	1	1	4	2	1	1	3	1	1	1	1	1	1	2	1	1	1	1	62
390891	1	1	1	3	1	1	2	1	1	1	1	2	1	1	1	2	1	1	1	1	1	2	1	2	1	1	1	1	3	2	1	1	2	1	1	1	1	1	1	2	1	1	1	1	56
390899	1	2	1	4	3	1	2	1	1	1	1	2	1	0	0	4	1	1	1	1	2	2	1	2	1	1	0	1	4	2	1	1	3	1	1	2	1	1	1	2	1	0	1	1	62
391087	1	1	1	3	1	1	2	1	1	1	1	2	1	1	1	2	1	1	2	1	2	2	1	2	1	1	2	1	5	2	1	1	4	1	1	1	1	1	2	2	1	1	1	1	64
390824	1	1	1	2	1	1	2	1	1	1	1	2	1	1	1	2	1	1	1	1	1	2	1	2	1	1	1	1	3	2	1	2	2	1	1	2	1	1	2	2	1	1	1	1	58
391082	1	1	1	2	1	1	2	1	1	1	1	2	1	1	1	2	1	1	1	1	1	2	1	3	1	1	1	1	3	2	1	2	2	1	1	2	1	1	2	2	1	1	1	1	59
391027	1	1	1	2	1	1	2	1	1	1	1	2	1	1	1	2	1	1	1	1	1	2	1	3	1	1	1	1	3	2	1	2	2	1	1	2	1	1	2	2	1	1	1	1	59
391185	1	1	1	2	1	1	3	1	1	1	1	2	1	1	1	2	1	1	1	1	1	2	1	2	1	1	1	1	3	2	1	3	3	1	1	2	1	1	2	2	1	1	1	1	61
390827	1	1	1	2	1	1	2	1	1	1	1	2	1	1	1	2	1	1	1	1	1	2	1	3	1	1	1	1	3	2	1	2	2	1	1	2	1	1	2	2	1	1	1	1	59
390869	1	1	1	2	1	1	2	1	1	1	1	2	1	2	1	3	1	1	1	1	1	3	1	2	1	1	1	1	3	2	1	2	2	1	1	2	1	1	2	4	1	1	1	1	63
390844	1	1	1	2	1	1	2	1	1	1	1	2	1	1	1	2	1	1	1	1	1	2	1	3	1	1	1	1	3	2	1	2	2	1	1	2	1	1	2	2	1	1	1	1	59
390874	1	1	1	2	1	1	2	1	1	1	1	2	1	2	1	4	1	1	1	1	1	2	1	2	1	1	1	1	3	2	1	2	2	1	1	2	1	1	2	4	1	1	1	1	63
391017	1	1	1	2	1	1	2	1	1	1	1	2	1	1	1	2	1	1	1	1	1	2	1	3	1	1	1	1	3	2	1	2	2	1	1	2	1	1	2	2	1	1	1	1	59
391013	1	1	1	3	1	1	2	1	1	1	2	2	1	1	1	4	1	1	1	1	4	2	1	2	1	1	1	1	4	2	1	2	2	1	1	3	1	1	1	2	1	0	1	1	65
391191	1	1	1	2	1	1	2	1	1	1	2	2	1	1	1	5	1	1	1	1	1	2	1	2	1	1	1	1	4	2	1	2	3	1	1	2	2	2	2	2	1	1	1	1	66
391020	1	1	1	2	1	1	1	1	0	0	1	1	1	1	1	3	1	1	1	1	1	2	1	1	1	1	1	1	1	1	1	1	1	1	1	1	1	1	2	2	1	0	1	1	47
390834	1	1	1	2	1	1	1	1	0	0	1	1	1	1	1	3	1	1	1	1	1	2	1	1	1	1	1	1	1	1	1	1	1	1	1	1	1	1	1	2	1	0	1	1	46
390905	1	1	1	2	1	1	1	1	0	0	1	1	1	1	1	3	1	1	1	1	1	2	1	1	1	1	1	1	1	1	1	1	1	1	1	1	1	1	2	2	1	0	1	1	47
390930	1	1	1	2	1	1	1	1	0	1	1	1	1	1	1	2	1	1	1	1	1	2	1	1	1	1	1	1	2	1	1	1	1	1	1	1	1	1	1	2	1	0	1	1	47
390947	1	1	1	2	1	1	1	1	0	1	1	1	1	1	1	2	1	1	1	1	2	2	1	2	1	1	1	1	2	1	1	1	2	1	1	1	1	1	1	2	1	0	1	1	50
391011	1	1	1	2	1	1	1	1	0	1	1	1	1	1	1	2	1	1	1	1	2	2	1	2	1	1	1	1	2	1	1	1	2	1	1	1	1	1	1	2	1	0	1	1	50
390904	1	1	1	2	1	1	1	1	0	1	1	1	1	1	1	2	1	1	1	1	2	2	1	1	1	1	1	1	2	1	1	1	2	1	1	1	1	1	1	2	1	0	1	1	49
390837	1	1	1	2	1	1	1	1	0	1	1	1	1	1	1	2	1	1	1	1	1	2	1	1	1	1	1	1	2	1	1	1	1	1	1	1	1	1	1	2	1	0	1	1	47
391126	1	1	1	2	1	1	1	1	0	1	1	1	1	1	1	2	1	1	1	1	1	2	1	1	1	1	1	1	2	1	1	1	1	1	1	1	1	1	1	2	1	0	1	1	47
391128	1	1	1	2	1	1	1	1	0	1	1	1	1	1	1	2	1	1	1	1	1	2	1	1	1	1	1	1	2	1	1	1	1	1	1	1	1	1	1	2	1	0	1	1	47
390949	1	1	1	2	1	1	1	1	0	0	1	1	1	1	1	3	1	1	1	1	1	2	1	1	1	1	1	1	1	1	1	1	2	1	1	1	1	1	2	2	1	0	1	1	48
391034	1	1	1	2	1	1	1	1	0	0	1	1	1	1	1	3	1	1	1	1	1	2	1	1	1	1	1	1	1	1	1	1	2	1	1	1	1	1	2	2	1	0	1	1	48
390835	1	1	1	2	1	1	1	1	0	0	1	1	1	1	1	3	1	1	1	1	1	2	1	1	1	1	1	1	1	1	1	1	2	1	1	1	1	1	2	2	1	0	1	1	48
391051	1	1	1	2	1	1	1	1	0	0	1	1	1	1	1	3	1	1	1	1	1	2	1	1	1	1	1	1	1	1	1	1	1	1	1	1	1	1	2	2	1	0	1	1	47
390882	1	1	1	2	1	1	1	1	0	0	1	1	1	1	1	3	1	1	1	1	1	2	1	1	1	1	1	1	1	1	1	1	1	1	1	1	1	1	2	2	1	0	1	1	47
390918	1	1	1	2	1	1	1	1	0	0	1	1	1	1	1	3	1	1	1	1	1	2	1	1	1	1	1	1	1	1	1	1	1	1	1	1	1	1	2	2	1	0	1	1	47
390881	1	1	1	2	1	1	1	1	0	0	1	1	1	1	1	3	1	1	1	1	1	2	1	1	1	1	1	1	1	1	1	1	2	1	1	1	1	1	2	2	1	0	1	1	48
390976	1	1	1	2	1	1	1	1	0	0	1	1	1	1	1	3	1	1	1	1	1	2	1	1	1	0	1	1	1	1	1	1	1	1	1	1	1	1	2	2	1	0	1	1	46
391002	1	1	1	2	1	1	1	1	0	0	1	1	1	1	1	3	1	1	1	1	1	2	1	1	1	1	1	1	1	1	1	1	1	1	1	1	1	1	2	2	1	0	1	1	47
390884	1	1	1	2	1	1	1	1	0	0	1	1	1	1	1	3	1	1	1	1	1	2	1	1	1	1	1	1	1	1	1	1	1	1	1	1	1	1	2	2	1	0	1	1	47
390921	1	1	1	2	1	1	1	1	0	0	1	1	0	1	1	3	1	1	1	1	1	2	1	1	1	1	1	1	1	1	1	1	1	1	1	1	1	1	2	2	1	0	1	1	46
391012	1	1	1	2	1	1	1	1	0	0	1	1	1	1	1	3	1	1	1	1	1	2	1	1	1	1	1	1	1	1	1	1	1	1	1	1	1	1	2	2	1	0	1	1	47
391105	1	1	1	2	1	1	1	1	0	0	1	1	1	1	1	3	1	1	1	1	1	2	1	1	1	1	1	1	1	1	1	1	1	1	1	1	1	1	2	2	1	0	1	1	47
390902	1	1	1	2	1	1	1	1	0	0	1	1	1	1	1	3	1	1	1	1	1	2	1	1	1	1	1	1	1	1	1	1	1	1	1	1	1	1	2	2	1	0	1	1	47
390951	1	1	1	2	1	1	1	1	0	0	1	1	1	1	1	2	1	1	1	1	1	2	1	1	1	1	1	1	1	1	1	1	1	1	1	1	1	1	2	2	1	0	1	1	46
391233	1	1	1	2	1	1	1	1	0	0	1	1	1	1	1	3	1	1	1	1	1	2	1	1	1	1	1	1	1	1	1	1	1	1	1	1	1	1	2	4	1	0	1	1	49
391217	1	1	1	2	1	1	1	1	0	0	1	1	1	1	1	3	1	1	1	1	1	2	1	1	1	1	1	1	1	1	1	1	1	1	1	1	1	1	2	3	1	0	1	1	48
391175	1	1	1	2	1	1	1	1	0	0	1	1	1	1	1	3	1	1	1	1	1	2	1	2	1	1	1	1	1	1	1	1	1	1	1	1	1	1	2	2	1	0	1	1	48
391220	1	1	1	2	1	1	1	1	0	0	1	1	1	1	1	3	1	1	1	1	1	2	1	1	1	1	1	1	1	1	1	1	1	1	1	1	1	1	2	3	1	0	1	1	48
391236	1	1	1	2	1	1	1	1	0	1	1	1	1	1	1	2	1	1	1	1	2	2	1	1	1	1	1	1	2	1	1	1	2	1	1	1	1	1	1	4	1	0	1	1	51
391250	1	1	1	2	1	1	1	1	0	0	1	1	1	1	1	3	1	1	1	1	1	2	1	1	1	1	1	1	1	1	1	1	1	1	1	1	1	1	2	2	1	0	1	1	47
391224	1	1	1	2	1	1	1	1	0	1	1	1	1	1	1	3	1	1	1	1	1	2	1	1	1	1	1	1	2	1	1	1	1	1	1	1	1	1	2	4	1	0	1	1	51
391170	1	1	1	2	1	1	1	1	0	0	1	1	1	1	1	3	1	1	1	1	1	2	1	1	1	1	1	1	1	1	1	1	1	1	1	1	1	1	2	2	1	0	1	1	47
391186	1	1	1	2	1	1	1	1	0	0	1	1	0	1	1	3	1	1	1	1	1	2	1	1	1	1	1	1	1	1	1	1	1	1	1	1	1	1	2	4	1	0	1	1	48
391247	1	1	1	2	1	1	1	1	0	0	1	1	1	1	1	3	1	1	1	1	1	2	1	1	1	1	1	1	1	1	1	1	1	1	1	1	1	1	1	2	1	0	1	1	46
391196	1	1	1	2	1	1	1	1	0	0	1	1	1	1	1	3	1	1	1	1	1	2	1	1	1	1	1	1	1	1	1	1	1	1	1	1	1	1	2	2	1	0	1	1	47
391243	1	1	1	2	1	1	1	1	0	0	1	1	1	1	1	3	1	1	1	1	1	2	1	1	1	1	1	1	1	1	1	1	1	1	1	1	1	1	2	2	1	0	1	1	47
390972	1	1	1	2	1	1	1	1	0	0	1	1	0	1	1	3	1	1	1	1	1	2	1	2	1	1	1	1	1	1	1	1	1	1	1	1	1	1	2	4	1	0	1	1	49
390876	1	1	1	2	1	1	1	1	0	0	1	1	1	1	1	3	1	1	1	1	1	2	1	1	1	1	1	1	1	1	1	1	1	1	1	1	1	1	1	2	1	0	1	1	46
391129	1	1	1	2	1	1	1	1	0	0	1	1	1	1	1	3	1	1	1	1	1	2	1	1	1	1	1	1	1	1	1	1	1	1	1	1	1	1	1	2	1	0	1	1	46
390988	1	1	1	2	1	1	1	1	0	1	1	1	1	1	1	2	1	1	1	1	1	2	1	1	1	1	1	1	2	1	1	1	1	1	1	1	1	1	1	2	1	0	1	1	47
390967	1	1	1	2	1	1	1	1	0	1	1	1	1	1	1	2	1	1	1	1	1	2	1	1	1	1	1	1	2	1	1	1	1	1	1	1	1	1	1	2	1	0	1	1	47
390873	1	1	1	2	1	1	1	1	0	1	1	1	1	1	1	3	1	1	1	1	1	2	1	1	1	1	1	1	2	1	1	1	1	1	1	1	1	1	1	2	1	0	1	1	48
390847	1	1	1	2	1	1	1	1	0	1	1	1	1	1	1	2	1	1	1	1	1	2	1	1	1	1	1	1	2	1	1	1	1	1	1	1	1	1	1	2	1	0	1	1	47
391052	1	1	1	2	1	1	1	1	0	1	1	1	1	1	1	2	1	1	1	1	2	2	1	1	1	1	1	1	2	1	1	1	2	1	1	1	1	1	1	3	1	0	1	1	50
390938	1	0	0	0	0	0	1	1	1	0	1	2	1	1	0	1	1	1	1	0	1	2	0	0	0	0	0	0	1	1	1	1	1	0	1	2	0	1	1	1	1	0	1	1	30
391047	1	0	0	1	0	1	1	1	1	0	1	2	0	1	0	1	1	1	0	1	1	1	0	0	0	1	0	0	1	0	1	3	0	0	1	3	0	0	1	0	1	1	1	1	31
391079	0	0	0	1	0	1	3	1	2	0	0	2	0	2	0	1	0	1	1	0	0	2	0	1	1	1	0	0	2	1	1	3	1	0	1	2	0	0	2	2	1	0	1	1	38
390907	1	0	1	2	0	1	0	1	0	0	0	1	0	1	0	2	1	1	1	0	0	0	0	0	0	1	0	0	1	0	0	1	2	0	1	2	0	0	2	1	1	1	1	1	28
391039	0	1	0	1	1	1	0	1	0	0	0	1	1	1	0	3	0	1	0	1	0	2	0	0	0	0	1	1	0	1	0	0	1	1	1	0	1	1	1	1	0	0	1	0	26
391124	1	0	0	1	0	1	1	1	0	0	0	0	0	0	0	0	0	0	1	0	1	2	0	0	1	0	0	1	1	0	1	0	0	0	0	0	0	0	0	0	0	0	0	1	14
390821	0	0	1	0	1	1	0	1	0	0	1	1	1	1	1	1	0	1	0	0	0	1	0	1	0	1	1	1	0	0	0	1	0	0	1	1	1	1	0	1	0	0	1	0	23
391061	1	1	0	1	1	0	1	1	0	0	1	1	0	1	1	3	1	1	1	0	1	1	1	1	1	0	1	1	1	0	1	1	1	1	0	0	0	1	1	0	0	0	1	1	32
391089	0	1	0	1	1	0	0	0	0	0	1	1	1	1	1	2	1	1	0	1	0	0	1	1	1	0	1	1	0	0	0	1	1	1	1	0	0	1	1	2	0	0	0	0	26
390831	1	0	1	1	1	1	0	0	0	0	0	0	0	0	1	0	0	0	0	0	0	1	0	1	1	1	0	1	0	1	0	0	0	0	0	1	0	0	0	0	1	0	0	0	14
391072	0	1	1	1	0	1	1	1	0	0	1	1	0	1	1	1	0	1	0	1	1	1	1	1	0	1	1	1	1	1	1	1	1	1	1	1	1	1	1	1	1	0	0	1	34
390879	0	1	0	2	1	1	0	1	0	0	1	1	1	0	0	2	1	1	0	0	0	1	1	1	0	0	1	1	0	1	1	1	1	1	1	0	0	1	1	2	0	0	1	0	29
390862	1	1	1	1	0	0	0	0	0	0	1	1	1	1	1	1	0	1	0	0	0	0	1	1	1	1	0	0	1	0	0	0	0	0	0	1	0	0	2	1	1	0	0	0	21
390867	1	1	0	1	1	1	0	1	0	0	1	1	0	0	1	2	1	1	1	0	1	1	1	1	0	0	0	1	0	1	0	1	1	1	1	0	0	0	1	0	0	0	1	1	27
390942	0	1	1	2	1	1	0	1	0	0	1	1	1	1	0	3	1	1	1	1	1	2	1	0	0	0	0	1	1	1	1	1	1	1	1	1	1	1	2	1	1	0	1	1	39
390963	1	1	1	0	1	1	1	0	0	0	1	0	1	1	0	2	0	1	0	1	0	2	1	1	0	0	1	1	1	1	0	0	1	0	1	1	1	1	1	2	1	0	1	0	31
390848	1	1	0	1	1	0	0	0	0	0	1	1	1	1	1	3	1	1	1	1	1	0	1	1	1	1	0	0	1	0	0	1	1	1	1	0	0	0	2	3	0	0	1	1	33
391099	1	1	1	1	1	1	1	1	0	0	1	1	1	1	1	3	1	1	1	1	1	2	1	1	1	1	1	1	1	1	1	1	1	1	1	1	0	1	1	0	1	0	1	1	42
390840	1	1	1	2	0	1	1	1	0	0	1	1	1	1	1	2	0	1	1	1	0	2	1	1	0	0	1	1	0	1	1	1	0	0	1	1	1	1	1	1	1	0	1	1	36
390915	1	1	1	2	1	0	1	1	0	0	1	1	0	1	1	3	1	1	1	0	1	1	1	1	1	1	1	1	0	0	0	1	0	1	1	1	1	1	2	3	1	0	1	1	40
390925	1	0	1	1	0	1	0	1	0	0	1	1	0	1	1	0	0	2	1	1	0	2	0	1	1	1	1	1	0	1	1	1	0	0	1	1	0	1	1	1	1	0	0	1	30
390819	1	1	1	1	1	0	1	1	0	0	1	1	1	1	1	3	1	0	1	1	1	1	0	1	1	1	1	1	1	1	1	1	1	1	1	1	1	1	2	2	1	0	1	1	42
390991	0	0	0	2	1	1	1	2	0	0	1	0	1	1	1	3	1	1	1	1	1	1	0	1	0	1	1	2	1	0	0	1	1	1	1	1	1	1	2	3	0	0	1	1	40
391058	1	1	1	2	1	1	0	1	0	0	1	1	1	1	0	2	1	1	1	1	0	2	1	1	0	0	1	1	0	1	1	1	1	1	1	1	1	1	2	2	1	0	1	1	40
391097	1	1	0	1	1	1	1	1	0	0	1	1	0	1	1	3	1	1	1	1	1	2	1	1	1	1	1	1	0	1	1	1	1	1	1	0	0	1	2	1	0	0	1	1	39
390861	1	1	0	1	1	1	1	0	0	0	1	1	1	1	1	3	1	1	0	1	1	2	1	1	1	1	1	1	0	1	1	1	1	1	1	0	1	1	2	2	0	0	1	0	39
391044	0	1	0	2	0	0	0	1	0	0	1	1	1	1	1	1	0	1	1	1	1	0	1	1	0	0	1	1	1	0	0	1	1	0	1	0	0	1	2	2	0	0	1	1	29
391049	1	1	1	1	1	1	1	1	0	0	1	1	0	1	1	2	0	1	1	1	1	1	0	1	1	1	1	1	1	1	1	1	1	0	1	1	1	1	0	4	1	0	1	1	40
391121	1	1	1	2	1	1	1	1	0	0	1	1	1	1	1	2	1	1	1	1	1	2	0	1	1	1	1	1	1	1	0	0	1	1	1	1	1	1	1	1	1	0	1	1	41
391006	1	1	1	2	1	1	1	1	0	0	1	0	0	1	1	3	1	1	1	1	1	2	1	1	1	1	1	1	1	1	1	1	0	1	1	1	1	1	2	2	1	0	1	1	44
390826	1	1	1	2	1	1	1	1	0	0	1	0	1	1	0	3	1	1	1	1	1	2	0	1	1	1	1	1	0	1	1	1	1	1	1	1	1	1	2	2	1	0	1	1	43
390883	1	1	1	2	1	1	1	1	0	0	1	1	1	1	0	3	1	1	1	1	1	2	1	1	1	1	1	0	1	1	1	0	1	1	0	1	1	1	1	2	0	0	1	1	41
390890	0	1	1	2	1	1	1	0	0	0	1	1	0	1	1	2	1	1	1	1	1	2	1	1	1	1	1	1	1	0	1	1	2	1	1	1	1	1	2	2	1	0	1	0	42
390812	1	1	0	2	1	1	1	1	0	0	0	1	1	0	0	1	1	0	1	1	1	1	0	0	1	0	0	1	1	1	0	1	1	0	1	0	1	0	1	1	0	0	0	1	27
391035	1	1	1	2	1	1	1	1	0	0	1	1	1	1	0	2	0	1	1	1	1	2	1	1	1	1	0	1	1	0	1	1	1	1	1	1	1	0	2	1	1	0	1	1	40
391016	1	0	1	2	0	1	1	1	0	0	1	0	1	0	0	1	1	0	1	0	0	2	0	1	1	1	1	1	0	1	1	1	0	1	1	1	1	1	2	2	1	0	1	1	34
390872	1	1	0	1	1	1	1	1	0	0	1	1	1	1	1	3	1	1	0	1	0	2	1	1	1	1	1	1	0	1	1	1	0	1	1	1	1	1	2	2	1	0	1	0	40
391101	1	0	0	0	0	0	1	0	0	0	0	0	0	1	0	0	0	0	0	0	0	1	0	0	1	0	0	0	0	0	0	1	1	0	1	0	0	0	0	0	0	0	0	0	8
390877	1	1	1	2	1	1	1	1	0	0	0	1	1	1	1	3	1	1	1	1	1	2	0	0	1	1	0	1	1	1	1	1	1	1	1	1	1	1	2	2	1	0	1	1	43
390960	1	1	1	2	1	1	1	1	0	0	1	1	1	1	1	3	1	1	1	1	0	2	1	1	1	1	1	1	0	1	1	1	1	1	1	1	1	1	1	2	1	0	1	1	44
390936	1	1	1	1	1	1	1	1	0	0	1	1	0	1	1	3	1	1	0	1	1	1	1	1	1	1	1	1	0	1	1	1	1	1	1	1	0	1	1	2	1	0	1	1	40
390929	1	1	1	0	1	1	0	1	0	0	0	1	0	1	1	2	0	1	1	0	1	1	0	0	1	0	0	1	1	1	1	0	0	0	1	1	1	0	1	1	0	0	1	1	27
390860	1	1	0	1	1	1	1	1	0	0	0	1	1	1	0	1	0	1	1	1	1	2	0	0	0	0	1	1	1	1	1	0	0	0	0	0	1	1	0	1	1	0	1	1	28
390841	1	1	1	2	0	1	0	0	0	0	1	1	1	1	0	1	0	1	1	1	1	1	1	1	1	1	0	1	1	1	1	1	0	0	1	1	0	0	1	1	0	0	0	1	30
390919	1	0	1	2	1	1	1	1	0	0	1	1	1	1	1	3	1	1	1	1	0	2	1	1	1	1	1	1	0	1	1	1	1	1	1	1	1	1	2	2	1	0	1	1	44
390997	1	1	0	2	0	1	0	1	0	0	0	1	1	1	0	3	0	1	1	1	0	1	0	0	1	1	0	1	0	1	1	1	1	0	1	0	0	0	2	3	0	0	1	1	31
390885	1	1	0	0	1	1	1	1	0	0	1	1	0	0	1	2	1	1	1	0	0	2	1	1	1	1	1	1	0	1	1	0	0	1	1	0	1	1	1	1	0	0	1	1	32
391092	1	1	0	0	1	1	0	0	0	0	0	0	0	1	0	1	0	1	0	1	1	1	0	0	1	1	1	1	1	1	0	0	1	1	0	0	1	1	0	1	0	0	1	0	22
391074	1	1	0	2	1	1	0	1	0	0	0	1	1	1	1	2	0	1	1	1	1	2	0	1	1	1	0	1	0	1	1	1	1	1	1	0	1	1	2	2	0	0	1	1	37
390901	0	0	1	1	1	0	0	0	0	0	0	0	0	0	0	1	1	0	0	0	0	0	0	0	1	1	0	0	0	0	0	0	0	1	0	1	1	0	0	0	1	0	1	1	13
391071	1	0	1	2	1	1	0	1	0	0	1	0	1	0	1	2	1	0	1	0	0	1	1	1	1	1	0	1	0	1	1	1	0	1	1	1	1	0	1	0	1	0	1	1	31
390935	1	1	0	0	1	1	1	1	0	0	1	1	0	1	1	2	1	1	1	1	1	1	1	1	1	0	1	1	1	1	0	1	1	1	1	0	1	1	1	5	1	0	1	0	39
390895	0	1	1	1	0	0	0	0	0	0	1	0	1	1	0	1	0	1	0	1	1	0	1	1	0	0	0	0	1	0	1	1	1	0	1	1	0	0	2	1	1	0	0	0	22
391114	1	0	0	2	1	1	1	1	0	0	1	0	1	1	1	3	1	0	1	0	2	2	1	1	1	1	1	1	1	1	1	1	0	1	1	1	0	1	2	2	1	0	1	1	41
390845	1	1	0	2	1	1	0	1	0	0	1	1	1	1	1	3	0	1	1	1	1	2	1	1	1	1	1	1	1	1	0	1	1	1	1	0	1	1	2	2	0	0	1	1	41
391022	0	1	1	2	1	1	1	0	0	0	1	1	1	1	1	3	0	1	0	0	1	1	0	1	0	0	0	0	1	1	1	1	0	1	1	1	1	1	2	2	1	0	1	0	34
390956	1	1	0	2	1	1	0	1	0	0	1	1	1	1	1	3	1	1	1	1	1	2	1	1	1	1	1	1	1	1	1	1	1	1	1	0	1	1	2	2	0	0	1	1	43
390914	1	0	1	0	1	1	1	1	0	0	1	0	0	0	1	2	1	0	1	0	1	2	1	1	0	0	1	1	1	1	1	1	0	1	1	1	1	1	1	2	1	0	1	1	34
391090	1	0	1	1	1	1	1	1	0	0	1	0	0	0	1	1	0	0	0	0	0	1	1	1	0	0	1	1	0	1	1	1	0	1	1	1	1	1	1	0	0	0	1	0	25
390856	1	1	1	2	1	1	0	0	0	0	1	1	1	1	1	2	0	1	1	1	1	2	1	1	1	1	1	0	1	0	1	1	1	0	1	1	1	1	2	4	1	0	1	1	42
390839	1	1	0	1	0	1	1	0	0	0	0	1	0	0	0	0	1	1	1	0	1	0	0	0	1	1	0	1	1	1	0	1	0	0	1	0	0	1	1	1	1	0	0	0	21
391029	0	0	0	2	1	0	1	1	0	0	1	1	1	1	1	3	1	1	0	1	1	1	1	1	0	0	1	1	1	0	0	1	0	1	1	0	1	1	1	2	0	0	1	0	32
390937	0	1	0	2	1	1	0	0	0	0	1	1	1	1	1	1	1	1	1	0	1	0	1	1	1	1	1	0	1	0	0	1	0	0	1	0	0	1	1	1	0	0	0	1	27
391024	1	1	1	2	0	0	1	1	0	0	1	1	1	1	1	2	0	1	1	1	1	2	1	1	1	1	1	1	1	1	1	1	1	0	1	1	1	1	2	2	1	0	1	1	42
390993	1	1	1	0	1	0	0	0	0	0	0	1	0	0	0	0	1	1	1	0	1	2	1	0	0	1	0	0	1	0	0	1	0	1	0	1	0	0	1	1	1	0	0	1	21
391103	1	1	1	2	1	1	1	1	0	0	1	1	1	1	1	3	1	1	1	1	1	2	1	1	1	1	1	1	1	1	1	1	1	1	1	1	1	1	2	1	1	0	1	1	46
390810	1	1	1	1	1	1	1	1	0	0	1	1	0	1	1	1	1	0	1	1	1	2	1	1	1	1	0	1	1	1	1	1	1	0	0	1	1	0	1	1	1	0	1	1	36
391125	1	1	1	2	1	1	1	1	0	0	1	1	1	1	1	3	1	1	1	1	1	2	0	1	1	1	1	1	1	1	1	1	1	1	1	1	1	1	1	2	1	0	1	1	45
391025	1	1	1	1	0	1	1	1	0	0	1	1	1	0	1	2	1	1	1	1	1	2	0	1	1	1	0	1	1	1	1	1	1	1	1	1	1	1	1	3	0	0	1	1	40
390858	1	1	1	1	1	1	1	1	0	0	0	1	0	1	0	3	1	1	1	1	1	2	1	0	1	1	0	1	1	1	1	1	1	1	1	1	1	0	1	0	1	0	1	1	37
391095	1	1	1	2	1	1	1	1	0	0	1	1	1	1	1	3	1	1	1	1	0	1	0	1	1	1	1	1	0	1	1	1	1	1	1	1	0	1	2	1	1	0	1	1	41
390974	1	1	1	2	1	1	1	1	0	0	0	1	1	1	0	3	1	1	1	1	1	1	0	0	1	1	0	1	1	1	0	1	1	1	1	1	1	0	2	2	1	0	1	1	39
390971	1	0	1	1	1	1	1	1	0	0	1	1	1	1	1	2	0	1	1	1	1	1	0	1	1	1	1	0	1	1	1	1	1	1	1	1	1	1	2	2	1	0	1	1	40
390903	1	1	1	2	0	1	1	1	0	0	1	0	1	1	1	2	0	0	1	1	1	2	0	1	1	1	1	1	1	1	1	1	1	0	0	1	1	1	1	4	1	0	1	1	40
391001	1	1	1	1	0	1	1	1	0	0	1	1	0	0	1	0	0	1	1	0	1	2	1	1	1	1	0	1	0	1	0	1	0	0	1	1	0	0	1	0	0	0	1	0	26
391004	1	1	1	2	0	1	0	1	0	0	0	1	1	0	0	0	0	1	1	0	0	1	0	0	1	1	1	1	0	1	0	0	0	0	0	1	0	1	1	2	1	0	0	1	24
391041	1	1	1	2	0	1	0	1	0	0	1	1	0	1	1	3	1	1	1	1	1	1	1	1	1	1	1	1	1	1	0	1	1	1	1	1	0	1	2	2	1	0	1	1	41
390911	1	0	1	1	1	1	1	1	0	0	1	0	1	1	1	1	0	0	1	1	1	1	0	1	1	1	1	1	1	1	1	1	0	0	1	1	1	1	1	1	1	0	1	1	34
390952	1	1	1	1	0	1	1	1	0	0	1	1	1	1	1	2	0	0	1	0	1	2	0	1	1	1	0	1	1	1	1	1	0	0	1	1	1	0	2	1	1	0	1	1	35
390950	1	1	0	1	1	0	0	1	0	0	0	1	0	0	1	1	0	1	1	1	0	2	0	0	1	1	1	1	0	0	1	1	1	0	1	0	0	1	0	3	1	0	1	1	28
390916	1	1	1	2	1	1	1	1	0	0	1	1	1	1	0	2	0	0	1	0	1	1	1	1	1	1	1	1	1	1	1	1	0	0	1	1	1	1	2	2	1	0	1	1	39
391106	1	1	1	0	1	1	1	1	0	0	1	1	0	1	1	1	0	1	0	1	1	2	1	1	0	1	1	1	1	1	1	1	1	0	1	1	0	1	2	1	1	0	0	1	35
391021	1	1	1	1	1	1	1	1	0	0	0	1	1	1	1	2	1	1	1	1	0	2	0	0	1	1	0	1	0	1	1	1	1	1	1	1	1	0	2	1	1	0	1	1	37
391036	1	0	1	1	1	1	1	1	0	0	1	1	1	1	1	2	0	1	1	1	0	1	1	1	1	1	1	1	0	1	1	0	1	0	1	1	1	1	1	2	1	0	1	1	37
390850	1	0	0	0	1	1	1	0	0	0	0	1	0	1	0	2	1	1	0	1	0	2	0	0	1	1	1	1	0	1	1	0	1	1	0	1	1	0	1	2	1	0	1	0	28
391094	1	1	1	2	0	1	1	1	0	0	1	1	1	1	1	1	0	1	1	1	0	2	1	1	1	1	0	1	0	1	1	0	1	0	0	1	0	0	0	1	1	0	0	1	31
390833	1	1	1	2	1	1	1	1	0	0	0	1	1	1	0	3	1	1	0	1	1	2	1	0	1	1	0	1	1	1	1	1	1	1	1	1	1	0	1	1	1	0	1	1	39
391076	1	1	1	2	1	1	1	1	0	0	1	1	1	1	0	3	1	1	1	1	0	2	0	0	1	1	1	1	0	1	1	0	1	1	1	1	1	1	1	1	1	0	1	1	39
391038	0	0	1	0	0	0	0	0	0	0	1	0	0	0	0	0	0	0	0	0	1	0	1	1	0	0	0	0	0	0	0	1	0	0	1	1	0	0	2	1	1	0	0	0	12
390953	1	1	0	2	1	1	0	1	0	0	1	1	1	1	1	1	0	1	1	0	0	2	1	1	1	0	1	1	1	1	0	1	1	1	1	0	0	1	1	1	0	0	0	1	32
390892	1	1	1	2	1	1	0	1	0	0	1	1	1	1	1	3	1	1	1	1	1	2	0	1	1	1	1	1	1	1	1	1	1	1	1	1	1	1	2	2	0	0	1	1	44
391117	1	0	0	1	0	0	1	0	0	0	1	1	0	0	0	2	1	1	1	1	1	0	1	0	0	0	0	0	1	0	1	1	1	1	1	0	0	0	2	1	0	0	1	1	24
391127	1	1	0	2	1	1	1	1	0	0	1	1	1	1	1	3	1	1	1	1	1	2	1	1	0	0	1	1	1	1	1	1	1	1	1	1	0	1	1	0	1	0	1	1	40
390846	0	1	1	0	0	1	0	1	0	0	1	1	0	1	1	1	0	1	0	0	1	1	0	1	0	0	0	1	0	1	1	1	0	0	1	1	0	0	2	1	1	0	0	0	23
390927	0	0	0	1	0	1	0	1	0	0	0	0	0	0	0	0	1	0	0	0	1	1	1	0	0	0	0	1	0	1	0	1	0	0	1	0	0	0	1	0	1	0	0	0	13
391077	1	0	0	1	0	0	1	1	0	0	0	0	0	0	0	0	0	0	1	0	0	0	0	0	1	0	1	1	0	0	1	0	0	0	0	0	1	1	0	1	1	0	0	1	14
390893	1	1	1	2	0	1	0	1	0	0	1	1	1	1	1	2	0	1	1	1	1	2	1	1	1	1	1	1	1	1	1	1	1	0	1	1	1	1	1	1	1	0	1	1	40
390863	1	1	1	0	0	0	1	0	0	0	0	1	0	1	0	2	0	1	1	1	1	0	0	0	1	1	0	1	1	0	0	0	0	1	1	1	0	0	0	1	0	0	1	1	22
390878	1	1	1	2	1	1	1	1	0	0	1	1	1	1	1	3	1	1	1	1	1	2	1	1	1	1	1	1	1	1	1	1	1	1	1	1	1	1	2	2	1	0	1	1	47
391093	1	0	0	1	0	0	0	1	0	0	0	0	0	0	0	0	0	0	0	1	0	1	0	0	0	1	1	0	0	1	0	0	0	0	0	0	0	0	0	0	0	0	0	0	8
390992	1	0	1	0	0	0	1	1	0	0	0	1	1	0	0	2	0	0	0	0	0	1	0	0	1	1	0	1	0	0	1	0	0	1	1	1	1	0	0	0	0	0	0	0	17
390985	1	0	0	0	0	0	0	1	0	0	0	0	0	0	0	0	0	0	1	0	0	0	0	0	0	0	0	0	0	0	0	0	0	0	0	0	0	1	0	0	0	0	0	1	5
390966	1	0	1	2	1	1	1	1	0	0	1	1	1	1	1	3	0	1	0	0	1	2	1	1	1	1	1	1	1	1	1	1	1	1	1	1	1	0	1	0	1	0	1	0	38
390836	1	0	0	1	0	0	0	0	0	0	0	0	0	1	0	0	0	0	0	0	0	0	0	0	0	0	1	0	0	0	0	0	0	0	0	0	1	0	0	0	0	0	0	0	5
390961	0	0	0	2	0	0	0	1	0	0	2	1	0	1	0	0	1	0	0	1	0	0	1	0	0	0	0	0	0	0	1	1	0	0	1	0	0	0	1	1	0	0	0	0	15
391068	1	1	1	1	1	1	0	1	0	0	0	0	0	1	0	2	0	1	1	1	0	2	0	1	1	0	0	1	0	1	0	0	1	0	1	1	1	0	1	1	1	0	1	1	28
391073	1	0	1	2	1	1	1	1	0	0	0	0	1	1	0	3	1	0	1	0	0	2	0	0	1	1	0	1	0	1	1	0	0	1	0	1	1	0	1	1	1	0	1	0	29
391111	0	0	0	0	0	0	0	0	0	0	0	0	1	0	0	0	0	1	0	0	0	0	0	0	0	0	0	0	0	0	0	0	0	0	0	0	0	0	1	0	1	0	1	0	5
391179	1	1	1	2	1	1	1	1	0	0	1	1	1	1	1	3	1	1	1	1	1	2	1	1	1	1	1	1	1	1	1	1	1	1	1	1	1	1	2	2	1	0	1	1	47
391234	1	1	1	2	1	1	1	1	0	0	1	1	1	1	1	3	1	1	1	1	1	2	1	1	1	1	1	1	1	1	1	1	1	1	1	1	1	1	2	2	1	0	1	1	47
390939	1	1	1	2	1	1	2	1	1	1	0	2	1	1	1	3	1	1	1	1	1	1	1	2	1	1	0	1	2	3	0	1	2	1	1	1	1	1	2	2	1	1	1	0	52
391130	1	1	1	2	1	1	2	1	1	1	0	2	1	1	1	3	1	1	1	1	1	1	1	2	1	1	1	1	2	3	1	1	3	1	1	1	1	1	2	2	1	1	1	1	56
390924	1	1	1	3	1	1	2	1	1	1	1	2	1	1	1	2	1	1	1	1	1	3	1	1	1	1	1	1	4	2	1	1	2	1	1	1	1	1	2	4	1	1	1	1	60
391081	1	1	1	3	1	1	2	1	1	1	1	2	1	1	1	2	1	1	1	1	1	3	1	3	1	1	1	1	4	3	1	1	3	1	1	1	1	1	2	2	1	1	1	1	62
391008	1	1	1	3	1	1	2	1	1	1	1	2	1	1	1	2	1	1	1	1	1	3	1	1	1	1	1	1	4	2	1	1	2	1	1	1	1	1	2	2	1	1	1	1	58
391214	1	1	1	2	1	1	1	1	0	1	1	2	1	1	1	2	1	1	1	1	1	2	1	2	1	1	1	1	5	2	1	2	2	1	1	1	1	1	2	2	1	1	1	1	57
390849	2	1	1	2	1	1	1	1	0	0	1	2	1	1	1	2	2	1	1	1	2	2	1	2	1	1	2	1	3	2	1	1	3	1	1	1	1	1	2	2	1	1	1	1	58
390871	0	1	1	1	1	1	0	1	0	1	1	2	1	1	1	2	1	0	0	0	1	0	0	0	1	1	1	1	2	2	1	1	2	1	1	1	1	1	2	2	1	1	1	1	42
390857	0	1	1	1	1	0	0	1	0	0	0	1	1	1	0	1	1	0	0	0	0	0	0	0	0	1	0	1	1	1	0	1	0	0	1	0	0	1	1	1	1	1	1	0	22
391032	0	1	1	2	1	1	1	1	0	1	1	2	1	1	1	2	0	1	1	1	3	2	1	1	1	1	1	1	4	2	1	1	2	1	1	1	2	1	2	2	1	1	1	1	55
391238	4	1	1	3	1	1	1	1	0	1	1	3	1	1	2	3	3	3	3	1	3	4	2	3	1	1	2	1	4	2	1	1	5	1	1	2	1	1	2	2	1	1	1	1	79
390989	1	1	1	2	1	1	1	1	0	1	1	2	1	1	1	2	1	1	1	1	1	2	1	2	1	1	1	1	3	2	1	1	3	1	1	1	2	1	2	2	0	1	1	1	55
391063	3	0	1	2	1	1	1	1	0	1	1	2	1	1	1	2	2	1	1	1	3	4	2	2	1	1	2	1	3	2	1	1	4	1	1	1	1	1	2	2	1	1	1	1	64
390822	3	1	1	4	1	1	1	2	0	1	3	2	1	1	2	5	3	4	4	1	3	4	2	3	1	1	1	1	6	2	1	1	6	2	1	1	2	1	1	2	0	1	1	1	86
390809	1	0	1	1	1	1	0	2	0	0	1	2	1	1	2	2	2	1	0	1	2	2	0	0	1	0	2	0	4	1	1	1	3	1	0	0	0	0	1	1	2	1	0	0	43
391086	3	1	1	4	1	1	1	1	0	1	1	2	1	1	2	3	3	2	3	1	3	3	1	1	1	1	2	1	4	2	1	1	5	2	2	1	1	1	2	2	1	1	1	1	74
391067	1	1	0	5	1	0	0	1	0	0	1	2	1	1	1	2	2	1	1	1	1	1	1	2	1	0	1	1	4	2	1	1	2	1	1	1	1	1	2	2	1	0	1	1	52
391045	1	1	1	2	1	1	2	1	1	1	1	2	1	1	1	3	1	1	2	1	1	1	1	2	1	1	1	1	3	2	1	1	4	1	1	1	1	1	2	2	1	1	1	1	59
391200	1	2	1	2	1	1	2	1	1	1	1	2	1	1	1	3	1	1	1	1	2	2	1	2	1	1	1	1	4	2	1	2	3	1	1	2	1	1	2	2	1	0	1	1	62
391222	1	1	1	2	1	1	1	1	0	0	2	2	1	1	1	3	1	1	1	1	1	2	1	1	1	1	1	1	2	2	1	1	1	1	1	1	1	1	1	2	1	0	1	1	50
391159	1	1	1	2	1	1	1	1	0	0	2	2	1	1	1	3	1	1	1	1	1	2	1	1	1	1	1	1	2	2	1	1	1	1	1	1	1	1	2	2	1	0	1	1	51
390820	1	1	1	2	1	1	1	1	0	0	1	1	1	1	1	2	1	1	1	1	1	2	1	2	1	1	1	1	1	1	1	1	1	1	1	1	1	1	1	4	0	0	1	1	47
391053	1	1	1	2	1	1	1	1	0	0	2	1	1	1	1	3	1	1	1	1	1	2	1	1	1	1	1	1	2	2	1	1	1	1	1	1	1	1	2	2	1	0	1	1	50
390973	1	1	1	2	1	1	1	1	0	0	3	1	1	1	1	3	1	1	1	1	1	2	1	1	1	1	1	1	2	2	1	1	2	1	1	1	1	1	2	2	1	0	1	1	52
391018	1	1	1	2	1	1	1	1	0	0	1	1	1	1	1	3	1	1	1	1	1	2	1	1	1	1	1	1	1	1	1	1	2	1	1	1	1	1	2	4	1	0	1	1	50
390864	1	1	1	5	1	1	1	0	0	0	1	1	0	1	1	2	1	1	1	0	1	1	0	1	1	1	0	1	1	3	2	1	1	1	1	1	1	1	2	4	1	0	1	1	48
390888	1	1	1	2	1	1	1	1	0	0	1	1	1	1	1	3	1	1	1	1	1	2	1	1	1	1	1	1	1	1	1	1	1	1	1	1	1	1	1	4	0	0	1	1	47
391026	1	1	1	2	1	1	1	1	0	0	1	1	1	1	1	3	1	1	1	1	1	2	1	1	1	1	1	1	1	1	1	1	2	1	1	1	1	1	1	2	1	0	1	1	47
391066	1	1	1	2	1	1	1	1	0	0	1	1	1	1	1	3	1	1	1	1	1	2	1	1	1	1	1	1	1	1	1	1	1	1	1	1	1	1	1	2	0	0	1	1	45
391113	1	1	1	2	1	1	1	1	0	1	1	2	1	1	1	2	1	1	1	1	1	2	1	1	1	1	1	1	3	2	1	1	2	1	1	2	1	1	2	2	1	1	1	1	54
390909	1	1	1	2	1	1	1	1	0	0	1	2	1	1	1	3	1	1	1	1	1	2	1	1	1	1	1	1	3	2	1	1	2	1	1	1	1	1	2	2	1	0	1	1	52
390830	1	1	1	4	1	1	2	1	1	1	3	2	1	1	1	4	1	1	1	1	2	2	1	2	1	1	1	1	3	3	1	2	2	1	1	2	1	1	1	2	1	0	1	1	64
391040	1	1	1	2	1	1	2	1	1	2	3	2	1	1	1	3	1	1	1	1	1	3	1	1	1	1	1	1	3	3	1	2	4	1	1	1	1	1	2	2	1	1	1	1	64
390933	1	1	1	1	1	1	1	1	0	0	1	1	1	1	1	3	1	1	0	1	1	2	1	1	1	1	1	1	1	1	1	1	1	1	1	1	1	1	2	2	1	0	1	1	45
391107	1	1	1	1	1	1	1	1	0	0	1	1	1	1	1	3	1	1	1	1	1	2	1	1	1	1	1	1	1	1	0	1	1	1	1	1	1	1	2	2	1	0	1	1	45
391054	1	1	0	2	1	1	1	1	0	0	1	1	1	1	1	3	1	1	1	1	1	2	1	1	1	1	1	1	1	1	1	1	1	1	1	1	1	1	1	2	1	0	1	1	45
390990	1	1	1	2	1	1	1	1	0	0	1	1	1	1	1	3	1	1	1	1	1	2	1	1	1	1	1	1	1	1	1	1	1	1	1	1	1	1	1	2	1	0	1	1	46
390814	1	2	1	3	1	1	1	1	0	0	3	1	1	2	1	2	1	1	1	1	1	2	1	1	1	1	1	1	2	2	1	1	1	1	1	1	1	1	2	2	1	0	1	1	53
391116	1	1	1	2	1	1	1	1	0	0	1	1	1	1	1	3	1	1	1	1	1	2	1	1	1	1	1	1	1	1	1	1	1	1	1	1	1	1	1	2	1	0	1	1	46
391065	1	1	1	2	1	1	1	1	0	0	2	1	1	1	1	3	1	1	1	1	1	2	1	1	1	1	1	1	1	1	1	1	1	1	1	1	1	1	1	2	1	0	1	1	47
391158	1	1	1	2	1	1	1	1	0	0	1	1	1	1	1	3	1	1	1	1	1	2	1	1	1	1	1	1	1	1	1	1	1	1	1	1	1	1	1	4	1	0	1	1	48
391239	1	1	1	2	1	1	1	1	0	1	1	1	1	1	1	3	1	1	1	1	1	2	1	1	1	1	1	1	1	1	1	1	3	1	1	1	1	1	2	2	1	0	1	1	50
391163	1	1	1	2	1	1	1	1	0	0	1	1	1	1	1	3	1	1	1	1	1	2	1	1	1	1	1	1	1	1	1	1	1	1	1	1	1	1	1	2	1	0	1	1	46
391223	1	1	1	2	1	1	1	1	0	1	2	2	1	1	1	3	1	1	1	1	1	2	1	2	1	1	1	1	3	2	1	2	2	1	1	1	1	1	2	2	1	1	1	1	57
391208	1	1	1	2	1	1	1	1	0	0	1	2	1	1	1	3	1	2	1	1	1	1	1	2	1	1	1	1	3	2	1	2	2	1	1	1	1	1	2	2	1	0	1	1	54
391240	1	1	0	2	1	1	1	1	0	0	1	1	1	1	1	3	1	1	1	1	1	2	1	2	1	1	2	1	1	1	1	1	2	1	1	1	1	1	2	2	1	0	1	1	49
391171	1	1	1	2	1	1	1	1	0	0	1	1	1	1	1	3	1	1	1	1	2	2	1	1	1	1	1	1	1	1	1	1	1	1	1	1	1	1	2	2	1	0	1	1	48
391215	1	1	1	2	1	1	1	1	0	0	1	1	1	1	1	3	1	1	1	1	2	2	1	1	1	1	1	1	1	1	1	1	1	1	1	1	1	1	2	2	1	0	1	1	48
391209	1	1	1	2	1	1	1	1	0	1	2	2	1	1	1	4	1	1	1	1	1	2	1	1	1	1	1	1	2	2	1	2	2	1	1	1	1	1	2	2	1	1	1	1	56
391246	1	1	1	2	1	1	1	1	0	1	1	2	1	1	1	2	1	1	1	1	1	2	1	1	1	1	1	1	3	2	1	1	2	1	1	1	1	1	2	2	1	1	1	1	53
391202	1	1	1	2	1	1	1	1	0	1	1	2	1	1	1	2	1	1	1	1	1	2	1	1	1	1	1	1	3	2	1	1	2	1	1	1	1	1	1	2	1	1	1	1	52
391232	1	1	1	2	1	1	1	1	0	1	1	2	1	1	1	2	1	1	1	1	1	2	1	1	1	1	1	1	3	2	1	1	2	1	1	1	1	1	2	2	1	1	1	1	53
391237	1	1	1	2	1	1	1	1	0	1	1	2	1	1	1	2	1	1	1	1	1	2	1	1	1	1	1	1	3	2	1	1	2	1	1	1	1	1	2	2	1	1	1	1	53
391166	1	1	1	3	1	1	1	1	0	0	3	2	1	1	1	2	1	1	1	1	1	3	1	1	1	1	1	1	4	2	1	2	2	1	1	1	1	1	1	2	1	1	1	1	57
391155	1	1	1	2	1	1	1	1	0	1	1	2	1	1	1	2	1	1	1	1	1	2	1	1	1	1	1	1	3	2	1	1	2	1	1	1	1	1	2	2	1	1	1	1	53
391162	1	1	1	2	1	1	1	1	0	0	1	1	1	1	1	3	1	1	1	1	1	2	1	1	1	1	1	1	1	2	1	1	1	1	1	1	1	1	1	2	1	0	1	1	47
391221	1	1	1	2	1	1	1	1	0	0	2	2	1	1	1	3	1	1	1	1	1	2	1	1	1	1	1	1	2	2	1	1	1	1	1	1	1	1	2	2	1	0	1	1	51
391165	1	1	1	2	1	1	1	1	0	0	1	2	1	1	1	3	1	1	1	1	1	2	1	1	1	1	1	1	1	1	1	1	1	1	1	1	1	1	2	2	1	0	1	1	48
391190	1	1	1	2	1	1	1	1	0	0	1	1	1	1	1	3	1	1	1	1	1	2	1	1	1	1	1	1	1	1	1	1	1	1	1	1	1	1	1	2	1	0	1	1	46
391254	1	1	1	2	1	1	1	1	0	0	1	1	1	1	1	3	1	1	1	1	1	2	1	1	1	1	1	1	1	1	1	1	1	1	1	1	1	1	1	4	1	0	1	1	48
391228	1	1	1	2	1	1	1	1	0	0	1	1	1	1	1	3	1	1	1	1	1	2	1	1	1	1	1	1	1	1	1	1	2	1	1	1	1	1	1	5	1	0	1	1	50
391189	1	1	1	2	1	1	1	1	0	0	1	1	1	1	1	3	1	1	1	1	1	2	1	1	1	1	1	1	1	1	1	1	1	1	1	1	1	1	2	2	1	0	1	1	47
391010	2	1	1	2	1	1	1	1	0	1	2	2	1	1	1	2	2	1	1	1	2	3	1	1	1	1	1	1	4	2	1	1	3	1	1	1	1	1	2	2	1	1	1	1	60
391169	1	1	1	3	1	1	2	1	1	1	1	2	1	1	1	2	1	1	1	1	1	2	1	2	1	1	1	1	4	2	1	1	2	1	1	1	2	1	1	3	1	2	1	1	60
391245	1	1	1	2	1	1	2	1	1	1	1	2	1	1	1	2	1	1	1	1	1	2	1	2	1	1	1	1	4	2	1	1	2	1	1	1	2	1	1	3	1	2	1	1	59
391226	1	1	1	2	1	1	2	1	1	1	1	2	1	1	1	2	1	1	1	1	1	2	1	2	1	1	1	1	4	2	1	1	2	1	1	1	2	1	1	3	1	2	1	1	59
391153	1	1	1	2	1	1	2	1	1	1	1	2	1	1	1	2	1	1	1	1	1	2	1	2	1	1	1	1	4	2	1	1	2	1	1	1	2	1	1	3	1	2	1	1	59
391230	1	1	1	2	1	1	2	1	1	1	1	2	1	1	1	2	1	1	1	1	1	2	1	2	1	1	1	1	4	2	1	1	2	1	1	1	2	1	1	3	1	2	1	1	59
391219	1	1	1	2	1	1	2	1	1	1	1	2	1	1	1	2	1	1	1	1	1	2	1	2	1	1	1	1	4	2	1	1	2	1	1	1	2	1	1	3	1	2	1	1	59
391204	1	1	1	2	1	1	2	1	1	1	1	2	1	1	1	2	1	1	1	1	1	2	1	2	1	1	1	1	4	2	1	1	2	1	1	1	2	1	1	3	1	2	1	1	59
391192	1	1	1	2	1	1	2	1	1	1	1	2	1	1	1	2	1	1	1	1	1	2	1	2	1	1	1	1	4	2	1	1	2	1	1	1	2	1	1	3	1	2	1	1	59
391173	1	1	1	2	1	1	1	1	0	0	1	1	1	1	1	4	1	1	1	0	1	3	1	2	1	1	1	1	2	3	1	2	2	1	1	1	1	1	2	2	1	1	1	1	55
391244	1	1	1	2	1	1	1	1	0	0	1	1	1	1	1	4	1	1	1	0	1	3	1	3	1	1	1	1	3	2	1	2	2	1	1	1	1	1	1	3	1	1	1	1	56
391015	3	1	1	3	1	0	1	2	0	1	2	2	1	1	2	3	3	4	4	1	3	4	2	2	1	1	3	1	4	2	1	2	6	1	1	2	2	1	1	2	0	1	1	1	81
391048	3	1	1	6	2	2	1	1	0	1	2	2	1	2	3	6	3	2	3	1	4	4	1	2	2	1	1	2	7	3	1	2	3	2	2	1	3	2	3	4	2	2	2	3	102
390818	1	1	1	6	1	1	1	2	0	1	2	2	1	1	1	4	1	1	1	1	2	3	1	3	1	1	1	1	6	2	1	1	3	1	2	1	2	1	2	2	1	1	1	1	71
390920	2	1	1	3	1	1	1	1	0	1	2	1	1	1	1	1	1	2	1	2	3	2	1	0	1	1	1	1	4	2	1	1	2	1	1	1	1	2	1	2	1	1	2	1	59
391178	1	1	1	2	1	1	1	1	0	1	2	1	1	1	1	2	1	1	1	1	2	1	1	1	1	1	1	1	6	2	1	1	2	1	1	1	1	1	1	2	1	1	1	1	55
390968	1	1	1	4	1	1	2	1	1	1	3	2	1	1	1	5	1	1	1	1	1	2	1	1	1	1	1	1	4	2	1	2	3	1	1	2	2	1	1	2	0	0	1	1	64
